# FGSM attack with model_dataset(20000 images)
# and validation_images(2100) 20 epsilon in batches of (100 images)
# for each epsilon 20 batches so 400 metrics in total
# metrics between model_dataset & adv_validation_dataset
# Model_vali_adv_density Model_vali_adv_coverage
9.280000329017639160e-01 2.274999953806400299e-02
1.121999979019165039e+00 2.734999917447566986e-02
1.222000002861022949e+00 2.984999865293502808e-02
1.240000009536743164e+00 3.004999831318855286e-02
1.161999940872192383e+00 2.809999883174896240e-02
9.560000300407409668e-01 2.324999868869781494e-02
7.279999852180480957e-01 1.754999905824661255e-02
5.460000038146972656e-01 1.299999933689832687e-02
3.580000102519989014e-01 8.449999615550041199e-03
3.199999928474426270e-01 7.449999917298555374e-03
2.759999930858612061e-01 6.349999923259019852e-03
2.459999769926071167e-01 5.599999800324440002e-03
2.140000164508819580e-01 4.799999762326478958e-03
1.700000017881393433e-01 3.749999916180968285e-03
1.400000005960464478e-01 2.949999878183007240e-03
1.099999994039535522e-01 2.249999903142452240e-03
8.999999612569808960e-02 1.799999969080090523e-03
7.199999690055847168e-02 1.349999918602406979e-03
5.400000140070915222e-02 8.499999530613422394e-04
4.600000381469726562e-02 6.500000017695128918e-04
9.739999771118164062e-01 2.410000003874301910e-02
1.156000018119812012e+00 2.854999899864196777e-02
1.287999987602233887e+00 3.179999813437461853e-02
1.317999958992004395e+00 3.240000084042549133e-02
1.222000122070312500e+00 2.984999865293502808e-02
1.047999978065490723e+00 2.544999867677688599e-02
8.060000538825988770e-01 1.939999870955944061e-02
5.479999780654907227e-01 1.315000001341104507e-02
3.420000076293945312e-01 8.200000040233135223e-03
3.140000104904174805e-01 7.299999706447124481e-03
2.820000052452087402e-01 6.550000049173831940e-03
2.419999986886978149e-01 5.499999970197677612e-03
2.220000028610229492e-01 4.900000058114528656e-03
1.839999854564666748e-01 3.899999894201755524e-03
1.560000032186508179e-01 3.199999919161200523e-03
1.299999952316284180e-01 2.600000007078051567e-03
1.059999987483024597e-01 2.099999925121665001e-03
8.600000292062759399e-02 1.599999959580600262e-03
6.800000369548797607e-02 1.199999940581619740e-03
5.400000140070915222e-02 9.499999578110873699e-04
9.819999337196350098e-01 2.414999902248382568e-02
1.166000008583068848e+00 2.864999882876873016e-02
1.304000020027160645e+00 3.184999898076057434e-02
1.319999933242797852e+00 3.224999830126762390e-02
1.216000080108642578e+00 2.969999983906745911e-02
1.049999952316284180e+00 2.575000002980232239e-02
8.359999656677246094e-01 2.039999887347221375e-02
5.780000090599060059e-01 1.399999950081110001e-02
3.440000116825103760e-01 8.349999785423278809e-03
3.180000185966491699e-01 7.599999662488698959e-03
2.759999930858612061e-01 6.550000049173831940e-03
2.259999960660934448e-01 5.399999674409627914e-03
1.860000044107437134e-01 4.399999976158142090e-03
1.459999978542327881e-01 3.449999960139393806e-03
1.260000020265579224e-01 2.849999815225601196e-03
9.799999743700027466e-02 2.149999840185046196e-03
7.599999755620956421e-02 1.549999928101897240e-03
4.999999701976776123e-02 8.499999530613422394e-04
3.999999910593032837e-02 6.500000017695128918e-04
2.999999932944774628e-02 3.999999898951500654e-04
1.090000033378601074e+00 2.694999985396862030e-02
1.294000029563903809e+00 3.184999898076057434e-02
1.399999976158142090e+00 3.429999947547912598e-02
1.388000011444091797e+00 3.390000015497207642e-02
1.289999961853027344e+00 3.154999762773513794e-02
1.138000130653381348e+00 2.764999866485595703e-02
8.939999938011169434e-01 2.159999869763851166e-02
6.419999599456787109e-01 1.554999966174364090e-02
4.040000140666961670e-01 9.800000116229057312e-03
3.599999845027923584e-01 8.650000207126140594e-03
3.340000212192535400e-01 7.849999703466892242e-03
2.900000214576721191e-01 6.699999794363975525e-03
2.560000121593475342e-01 5.649999715387821198e-03
2.160000056028366089e-01 4.499999806284904480e-03
1.759999990463256836e-01 3.499999875202775002e-03
1.499999910593032837e-01 2.799999900162220001e-03
1.059999987483024597e-01 1.899999915622174740e-03
8.400000631809234619e-02 1.500000013038516045e-03
7.000000029802322388e-02 1.249999972060322762e-03
5.600000172853469849e-02 1.049999962560832500e-03
1.133999943733215332e+00 2.795000001788139343e-02
1.339999914169311523e+00 3.299999982118606567e-02
1.435999989509582520e+00 3.525000065565109253e-02
1.442000031471252441e+00 3.525000065565109253e-02
1.363999962806701660e+00 3.314999863505363464e-02
1.166000008583068848e+00 2.834999933838844299e-02
8.999999761581420898e-01 2.204999886453151703e-02
6.000000238418579102e-01 1.449999958276748657e-02
3.720000088214874268e-01 9.099999442696571350e-03
3.299999833106994629e-01 7.999999448657035828e-03
2.939999997615814209e-01 6.949999835342168808e-03
2.520000040531158447e-01 5.799999926239252090e-03
2.079999893903732300e-01 4.650000017136335373e-03
1.879999935626983643e-01 4.050000105053186417e-03
1.459999978542327881e-01 3.000000026077032089e-03
1.220000013709068298e-01 2.399999881163239479e-03
9.399999678134918213e-02 1.799999969080090523e-03
7.600000500679016113e-02 1.399999950081110001e-03
5.399999395012855530e-02 1.049999962560832500e-03
3.400000184774398804e-02 6.999999750405550003e-04
1.061999917030334473e+00 2.594999969005584717e-02
1.276000022888183594e+00 3.114999830722808838e-02
1.386000037193298340e+00 3.370000049471855164e-02
1.402000069618225098e+00 3.399999812245368958e-02
1.263999938964843750e+00 3.054999932646751404e-02
1.049999952316284180e+00 2.539999969303607941e-02
7.899999618530273438e-01 1.915000006556510925e-02
5.580000281333923340e-01 1.354999933391809464e-02
3.700000047683715820e-01 8.999999612569808960e-03
3.260000050067901611e-01 7.849999703466892242e-03
2.859999835491180420e-01 6.850000005215406418e-03
2.679999768733978271e-01 6.349999923259019852e-03
2.360000163316726685e-01 5.499999970197677612e-03
2.039999961853027344e-01 4.600000102072954178e-03
1.779999881982803345e-01 3.949999809265136719e-03
1.420000046491622925e-01 3.049999941140413284e-03
1.180000081658363342e-01 2.600000007078051567e-03
8.600000292062759399e-02 1.799999969080090523e-03
6.199999526143074036e-02 1.249999972060322762e-03
4.399999976158142090e-02 8.999999845400452614e-04
9.119999408721923828e-01 2.245000004768371582e-02
1.074000120162963867e+00 2.649999968707561493e-02
1.195999979972839355e+00 2.934999950230121613e-02
1.212000012397766113e+00 2.964999899268150330e-02
1.172000050544738770e+00 2.854999899864196777e-02
1.018000006675720215e+00 2.479999884963035583e-02
7.999999523162841797e-01 1.960000023245811462e-02
5.399999618530273438e-01 1.324999984353780746e-02
3.519999682903289795e-01 8.549999445676803589e-03
3.199999928474426270e-01 7.699999958276748657e-03
2.899999916553497314e-01 6.949999835342168808e-03
2.360000163316726685e-01 5.499999970197677612e-03
1.979999840259552002e-01 4.399999976158142090e-03
1.720000058412551880e-01 3.700000001117587090e-03
1.480000019073486328e-01 3.150000004097819328e-03
1.099999994039535522e-01 2.249999903142452240e-03
8.799999207258224487e-02 1.699999906122684479e-03
6.800000369548797607e-02 1.249999972060322762e-03
5.199999734759330750e-02 8.499999530613422394e-04
3.999999910593032837e-02 5.999999702908098698e-04
8.980000019073486328e-01 2.224999852478504181e-02
1.059999942779541016e+00 2.614999935030937195e-02
1.128000020980834961e+00 2.779999934136867523e-02
1.121999979019165039e+00 2.749999985098838806e-02
1.044000029563903809e+00 2.544999867677688599e-02
9.300000071525573730e-01 2.249999903142452240e-02
7.139999866485595703e-01 1.714999973773956299e-02
5.020000338554382324e-01 1.200000010430812836e-02
3.260000050067901611e-01 7.849999703466892242e-03
3.019999861717224121e-01 7.100000046193599701e-03
2.720000147819519043e-01 6.399999838322401047e-03
2.419999986886978149e-01 5.699999630451202393e-03
2.160000056028366089e-01 4.999999888241291046e-03
1.639999896287918091e-01 3.700000001117587090e-03
1.400000005960464478e-01 3.049999941140413284e-03
1.160000041127204895e-01 2.399999881163239479e-03
9.400000423192977905e-02 1.699999906122684479e-03
8.199999481439590454e-02 1.449999981559813023e-03
6.400000303983688354e-02 1.099999994039535522e-03
4.999999701976776123e-02 7.999999797903001308e-04
1.141999959945678711e+00 2.840000018477439880e-02
1.366000056266784668e+00 3.390000015497207642e-02
1.486000061035156250e+00 3.664999827742576599e-02
1.469999909400939941e+00 3.629999980330467224e-02
1.322000145912170410e+00 3.269999846816062927e-02
1.101999998092651367e+00 2.724999934434890747e-02
8.259999752044677734e-01 2.025000005960464478e-02
5.320000052452087402e-01 1.299999933689832687e-02
2.979999780654907227e-01 7.299999706447124481e-03
2.679999768733978271e-01 6.550000049173831940e-03
2.400000095367431641e-01 5.799999926239252090e-03
2.040000110864639282e-01 4.799999762326478958e-03
1.739999949932098389e-01 4.050000105053186417e-03
1.420000046491622925e-01 3.349999897181987762e-03
1.319999992847442627e-01 3.049999941140413284e-03
9.999999403953552246e-02 2.199999988079071045e-03
8.399999141693115234e-02 1.850000000558793545e-03
6.800000369548797607e-02 1.449999981559813023e-03
4.600000381469726562e-02 8.999999845400452614e-04
3.400000184774398804e-02 6.500000017695128918e-04
8.559999465942382812e-01 2.125000022351741791e-02
1.057999968528747559e+00 2.620000019669532776e-02
1.193999886512756348e+00 2.944999933242797852e-02
1.203999996185302734e+00 2.960000000894069672e-02
1.167999982833862305e+00 2.864999882876873016e-02
1.052000045776367188e+00 2.575000002980232239e-02
8.100000023841857910e-01 1.984999887645244598e-02
5.500000119209289551e-01 1.339999958872795105e-02
3.400000035762786865e-01 8.249999955296516418e-03
3.079999983310699463e-01 7.349999621510505676e-03
2.939999997615814209e-01 6.899999920278787613e-03
2.580000162124633789e-01 5.949999671429395676e-03
1.959999948740005493e-01 4.449999891221523285e-03
1.779999881982803345e-01 3.949999809265136719e-03
1.459999978542327881e-01 3.199999919161200523e-03
1.179999932646751404e-01 2.549999859184026718e-03
7.400000095367431641e-02 1.599999959580600262e-03
5.199999734759330750e-02 1.099999994039535522e-03
4.399999976158142090e-02 8.999999845400452614e-04
3.400000184774398804e-02 5.999999702908098698e-04
1.027999997138977051e+00 2.474999986588954926e-02
1.233999967575073242e+00 2.964999899268150330e-02
1.346000075340270996e+00 3.219999745488166809e-02
1.346000075340270996e+00 3.209999948740005493e-02
1.258000016212463379e+00 2.979999966919422150e-02
1.079999923706054688e+00 2.554999850690364838e-02
8.100000023841857910e-01 1.899999938905239105e-02
5.960000157356262207e-01 1.389999967068433762e-02
3.939999938011169434e-01 8.999999612569808960e-03
3.599999845027923584e-01 8.049999363720417023e-03
3.280000090599060059e-01 7.199999876320362091e-03
2.800000011920928955e-01 6.099999882280826569e-03
2.439999878406524658e-01 5.200000014156103134e-03
2.040000110864639282e-01 4.299999680370092392e-03
1.579999923706054688e-01 3.399999812245368958e-03
1.319999992847442627e-01 2.699999837204813957e-03
9.200000762939453125e-02 1.749999937601387501e-03
6.400000303983688354e-02 1.150000025518238544e-03
4.800000041723251343e-02 7.999999797903001308e-04
3.400000184774398804e-02 4.999999655410647392e-04
1.131999969482421875e+00 2.804999984800815582e-02
1.323999881744384766e+00 3.274999931454658508e-02
1.431999921798706055e+00 3.529999777674674988e-02
1.464000105857849121e+00 3.610000014305114746e-02
1.368000030517578125e+00 3.354999795556068420e-02
1.222000002861022949e+00 2.989999949932098389e-02
9.819999337196350098e-01 2.394999936223030090e-02
7.099999785423278809e-01 1.734999939799308777e-02
4.699999988079071045e-01 1.145000010728836060e-02
4.280000329017639160e-01 1.024999935179948807e-02
3.799999952316284180e-01 9.049999527633190155e-03
3.240000009536743164e-01 7.449999917298555374e-03
2.800000011920928955e-01 6.199999712407588959e-03
2.360000014305114746e-01 5.200000014156103134e-03
1.879999935626983643e-01 4.050000105053186417e-03
1.480000019073486328e-01 3.049999941140413284e-03
1.199999973177909851e-01 2.300000051036477089e-03
9.999999403953552246e-02 1.850000000558793545e-03
7.200000435113906860e-02 1.349999918602406979e-03
5.199999734759330750e-02 8.999999845400452614e-04
9.280000329017639160e-01 2.294999919831752777e-02
1.125999927520751953e+00 2.779999934136867523e-02
1.199999928474426270e+00 2.960000000894069672e-02
1.169999957084655762e+00 2.874999865889549255e-02
1.111999988555908203e+00 2.724999934434890747e-02
9.400000572204589844e-01 2.309999987483024597e-02
7.160000205039978027e-01 1.750000007450580597e-02
4.899999797344207764e-01 1.194999925792217255e-02
3.019999861717224121e-01 7.299999706447124481e-03
2.779999971389770508e-01 6.699999794363975525e-03
2.639999985694885254e-01 6.249999627470970154e-03
2.399999946355819702e-01 5.599999800324440002e-03
2.040000110864639282e-01 4.699999932199716568e-03
1.759999990463256836e-01 3.899999894201755524e-03
1.480000019073486328e-01 3.099999856203794479e-03
1.160000041127204895e-01 2.249999903142452240e-03
8.600000292062759399e-02 1.599999959580600262e-03
6.800000369548797607e-02 1.150000025518238544e-03
4.399999976158142090e-02 6.500000017695128918e-04
3.999999910593032837e-02 5.999999702908098698e-04
1.076000094413757324e+00 2.654999867081642151e-02
1.259999990463256836e+00 3.094999864697456360e-02
1.362000107765197754e+00 3.339999914169311523e-02
1.339999914169311523e+00 3.280000016093254089e-02
1.236000061035156250e+00 3.019999898970127106e-02
1.049999952316284180e+00 2.559999935328960419e-02
8.440001010894775391e-01 2.049999870359897614e-02
5.899999737739562988e-01 1.434999983757734299e-02
3.400000035762786865e-01 8.150000125169754028e-03
3.019999861717224121e-01 7.199999876320362091e-03
2.560000121593475342e-01 6.000000052154064178e-03
2.199999988079071045e-01 4.999999888241291046e-03
1.840000152587890625e-01 4.100000020116567612e-03
1.339999884366989136e-01 2.849999815225601196e-03
1.059999987483024597e-01 2.099999925121665001e-03
6.800000369548797607e-02 1.199999940581619740e-03
5.999999865889549255e-02 9.999999310821294785e-04
5.199999734759330750e-02 8.999999845400452614e-04
3.400000184774398804e-02 4.999999655410647392e-04
2.800000086426734924e-02 3.999999898951500654e-04
9.540000557899475098e-01 2.359999902546405792e-02
1.172000050544738770e+00 2.895000018179416656e-02
1.303999900817871094e+00 3.204999864101409912e-02
1.323999881744384766e+00 3.240000084042549133e-02
1.266000032424926758e+00 3.064999915659427643e-02
1.077999949455261230e+00 2.589999884366989136e-02
8.159999847412109375e-01 1.954999938607215881e-02
5.879999995231628418e-01 1.394999958574771881e-02
3.440000116825103760e-01 7.999999448657035828e-03
2.999999821186065674e-01 6.850000005215406418e-03
2.699999809265136719e-01 6.049999967217445374e-03
2.520000040531158447e-01 5.499999970197677612e-03
2.380000054836273193e-01 4.949999973177909851e-03
2.060000002384185791e-01 4.100000020116567612e-03
1.660000234842300415e-01 3.099999856203794479e-03
1.459999978542327881e-01 2.549999859184026718e-03
1.079999879002571106e-01 1.649999991059303284e-03
9.399999678134918213e-02 1.399999950081110001e-03
7.800000160932540894e-02 1.150000025518238544e-03
6.199999526143074036e-02 8.499999530613422394e-04
9.360000491142272949e-01 2.314999885857105255e-02
1.149999976158142090e+00 2.829999849200248718e-02
1.245999932289123535e+00 3.034999966621398926e-02
1.268000006675720215e+00 3.084999881684780121e-02
1.182000041007995605e+00 2.864999882876873016e-02
1.037999987602233887e+00 2.510000020265579224e-02
7.699999809265136719e-01 1.879999972879886627e-02
5.920000076293945312e-01 1.444999966770410538e-02
3.619999885559082031e-01 8.750000037252902985e-03
3.299999833106994629e-01 7.899999618530273438e-03
2.939999997615814209e-01 6.999999750405550003e-03
2.459999769926071167e-01 5.799999926239252090e-03
1.959999948740005493e-01 4.549999721348285675e-03
1.519999802112579346e-01 3.449999960139393806e-03
1.280000060796737671e-01 2.849999815225601196e-03
1.059999987483024597e-01 2.349999966099858284e-03
8.199999481439590454e-02 1.749999937601387501e-03
6.800000369548797607e-02 1.399999950081110001e-03
4.999999701976776123e-02 9.999999310821294785e-04
3.599999845027923584e-02 6.500000017695128918e-04
9.899999499320983887e-01 2.410000003874301910e-02
1.195999979972839355e+00 2.889999933540821075e-02
1.315999984741210938e+00 3.175000101327896118e-02
1.366000056266784668e+00 3.289999812841415405e-02
1.287999987602233887e+00 3.074999898672103882e-02
1.096000075340270996e+00 2.630000002682209015e-02
8.360000252723693848e-01 2.015000022947788239e-02
6.080000400543212891e-01 1.454999949783086777e-02
4.280000329017639160e-01 1.024999935179948807e-02
3.779999911785125732e-01 8.949999697506427765e-03
3.420000076293945312e-01 7.949999533593654633e-03
2.939999997615814209e-01 6.749999709427356720e-03
2.540000081062316895e-01 5.750000011175870895e-03
2.020000070333480835e-01 4.399999976158142090e-03
1.620000004768371582e-01 3.349999897181987762e-03
1.340000033378601074e-01 2.699999837204813957e-03
1.059999987483024597e-01 2.050000010058283806e-03
8.199999481439590454e-02 1.500000013038516045e-03
6.800000369548797607e-02 1.150000025518238544e-03
4.800000041723251343e-02 7.999999797903001308e-04
9.719999432563781738e-01 2.389999851584434509e-02
1.192000031471252441e+00 2.909999899566173553e-02
1.281999945640563965e+00 3.119999915361404419e-02
1.281999945640563965e+00 3.094999864697456360e-02
1.174000024795532227e+00 2.819999866187572479e-02
9.819999337196350098e-01 2.359999902546405792e-02
7.879999876022338867e-01 1.899999938905239105e-02
5.139999985694885254e-01 1.244999933987855911e-02
3.140000104904174805e-01 7.549999747425317764e-03
2.840000092983245850e-01 6.799999624490737915e-03
2.679999768733978271e-01 6.349999923259019852e-03
2.299999892711639404e-01 5.349999759346246719e-03
1.999999880790710449e-01 4.499999806284904480e-03
1.700000017881393433e-01 3.599999938160181046e-03
1.400000005960464478e-01 2.849999815225601196e-03
1.139999926090240479e-01 2.149999840185046196e-03
9.399999678134918213e-02 1.749999937601387501e-03
8.200000226497650146e-02 1.500000013038516045e-03
6.400000303983688354e-02 1.150000025518238544e-03
5.400000140070915222e-02 9.999999310821294785e-04
8.080000281333923340e-01 2.009999938309192657e-02
9.760000109672546387e-01 2.414999902248382568e-02
1.110000014305114746e+00 2.689999900758266449e-02
1.166000008583068848e+00 2.804999984800815582e-02
1.121999979019165039e+00 2.685000002384185791e-02
1.005999922752380371e+00 2.384999953210353851e-02
8.140000104904174805e-01 1.919999904930591583e-02
5.979999899864196777e-01 1.429999992251396179e-02
3.899999856948852539e-01 9.349999949336051941e-03
3.639999926090240479e-01 8.650000207126140594e-03
3.519999682903289795e-01 8.249999955296516418e-03
3.259999752044677734e-01 7.299999706447124481e-03
2.999999821186065674e-01 6.599999964237213135e-03
2.699999809265136719e-01 5.750000011175870895e-03
2.060000002384185791e-01 4.149999935179948807e-03
1.660000234842300415e-01 3.199999919161200523e-03
1.299999952316284180e-01 2.349999966099858284e-03
9.999999403953552246e-02 1.799999969080090523e-03
7.999999821186065674e-02 1.300000003539025784e-03
5.600000172853469849e-02 7.999999797903001308e-04
1.106000065803527832e+00 2.694999985396862030e-02
1.293999910354614258e+00 3.134999796748161316e-02
1.388000011444091797e+00 3.344999998807907104e-02
1.367999792098999023e+00 3.280000016093254089e-02
1.296000003814697266e+00 3.109999932348728180e-02
1.143999934196472168e+00 2.730000019073486328e-02
8.919999599456787109e-01 2.125000022351741791e-02
6.240000128746032715e-01 1.469999924302101135e-02
3.560000061988830566e-01 8.499999530613422394e-03
3.240000009536743164e-01 7.649999577552080154e-03
2.960000038146972656e-01 6.899999920278787613e-03
2.699999809265136719e-01 6.199999712407588959e-03
2.379999905824661255e-01 5.299999844282865524e-03
2.020000070333480835e-01 4.399999976158142090e-03
1.640000045299530029e-01 3.449999960139393806e-03
1.319999992847442627e-01 2.699999837204813957e-03
1.059999987483024597e-01 2.149999840185046196e-03
7.199999690055847168e-02 1.449999981559813023e-03
5.599999800324440002e-02 1.150000025518238544e-03
3.799999877810478210e-02 6.999999750405550003e-04
