# FGSM attack with model_dataset(30547 images)
# and validation_images(5359) 20 epsilon in batches of 100 images
# metrics between model_dataset & adv validation dataset
# Model_vali_adv_density Model_vali_adv_coverage
7.039999961853027344e-01 1.152322627604007721e-02
7.680000066757202148e-01 1.204700954258441925e-02
1.169999957084655762e+00 1.679379306733608246e-02
1.539999961853027344e+00 2.173699624836444855e-02
1.914000034332275391e+00 2.635283395648002625e-02
2.312000036239624023e+00 2.949553169310092926e-02
2.835999965667724609e+00 3.306380286812782288e-02
3.539999961853027344e+00 3.754869475960731506e-02
4.279999732971191406e+00 4.065865650773048401e-02
5.125999450683593750e+00 4.589648917317390442e-02
5.907999038696289062e+00 5.241103842854499817e-02
6.727999687194824219e+00 5.859822779893875122e-02
7.211999416351318359e+00 6.305038183927536011e-02
7.657999515533447266e+00 6.514551490545272827e-02
8.050000190734863281e+00 6.544014066457748413e-02
8.553999900817871094e+00 6.789537519216537476e-02
9.199999809265136719e+00 6.976135075092315674e-02
1.009799861907958984e+01 7.486823946237564087e-02
1.033600044250488281e+01 7.696337252855300903e-02
1.004199886322021484e+01 7.480276376008987427e-02
5.600000619888305664e-01 9.166203439235687256e-03
8.080000281333923340e-01 1.316004898399114609e-02
1.029999971389770508e+00 1.679379306733608246e-02
1.296000003814697266e+00 2.108226716518402100e-02
1.327999949455261230e+00 2.144236862659454346e-02
1.437999963760375977e+00 2.304645255208015442e-02
1.745999813079833984e+00 2.789144590497016907e-02
1.929999947547912598e+00 3.090319968760013580e-02
1.983999848365783691e+00 3.139424696564674377e-02
1.935999751091003418e+00 3.044488839805126190e-02
2.017999649047851562e+00 3.015026077628135681e-02
1.791999816894531250e+00 2.759681828320026398e-02
1.569999933242797852e+00 2.527253143489360809e-02
1.367999792098999023e+00 2.229351550340652466e-02
9.699999690055847168e-01 1.587717235088348389e-02
6.100000143051147461e-01 9.984614327549934387e-03
3.879999816417694092e-01 6.350869312882423401e-03
2.919999957084655762e-01 4.779519978910684586e-03
2.760000228881835938e-01 4.517628811299800873e-03
2.800000011920928955e-01 4.583101719617843628e-03
5.100000500679016113e-01 8.315055631101131439e-03
4.619999825954437256e-01 7.431171834468841553e-03
6.420000195503234863e-01 1.037745177745819092e-02
8.020000457763671875e-01 1.299636624753475189e-02
1.055999994277954102e+00 1.715389452874660492e-02
1.363999962806701660e+00 2.216256968677043915e-02
1.666000008583068848e+00 2.710577286779880524e-02
2.013999938964843750e+00 3.276917710900306702e-02
2.367999553680419922e+00 3.856352716684341431e-02
2.838000059127807617e+00 4.632206261157989502e-02
3.259999513626098633e+00 5.326218903064727783e-02
3.619999885559082031e+00 5.905653536319732666e-02
3.595999956130981445e+00 5.882738158106803894e-02
3.640000104904174805e+00 5.958031862974166870e-02
3.478000164031982422e+00 5.689593032002449036e-02
3.193999767303466797e+00 5.224735662341117859e-02
3.171999692916870117e+00 5.188725516200065613e-02
3.351999998092651367e+00 5.486627295613288879e-02
3.324000120162963867e+00 5.440796166658401489e-02
3.104000091552734375e+00 5.077421665191650391e-02
6.279999613761901855e-01 1.027924194931983948e-02
9.500000476837158203e-01 1.554980874061584473e-02
1.315999984741210938e+00 2.144236862659454346e-02
1.329999923706054688e+00 2.160605043172836304e-02
1.332000136375427246e+00 2.167152240872383118e-02
1.333999872207641602e+00 2.170426025986671448e-02
1.407999992370605469e+00 2.294824458658695221e-02
1.589999914169311523e+00 2.592726051807403564e-02
1.651999950408935547e+00 2.684388123452663422e-02
1.745999813079833984e+00 2.838249318301677704e-02
1.815999984741210938e+00 2.956100553274154663e-02
1.871999740600585938e+00 3.044488839805126190e-02
1.787999987602233887e+00 2.916816808283329010e-02
1.638000011444091797e+00 2.671293541789054871e-02
1.329999923706054688e+00 2.173699624836444855e-02
8.980000019073486328e-01 1.466592494398355484e-02
5.700000524520874023e-01 9.297149255871772766e-03
4.679999947547912598e-01 7.398435380309820175e-03
4.699999988079071045e-01 6.907388567924499512e-03
5.140000581741333008e-01 7.267489563673734665e-03
4.779999852180480957e-01 7.693063467741012573e-03
8.840000033378601074e-01 1.394572295248508453e-02
1.198000073432922363e+00 1.852882467210292816e-02
1.246000051498413086e+00 1.849608868360519409e-02
1.362000107765197754e+00 1.879071630537509918e-02
1.628000020980834961e+00 2.095132134854793549e-02
2.167999982833862305e+00 2.612367831170558929e-02
2.838000059127807617e+00 3.168887272477149963e-02
3.633999824523925781e+00 3.820342570543289185e-02
4.497999668121337891e+00 4.619111493229866028e-02
5.441999912261962891e+00 5.427701771259307861e-02
6.302000045776367188e+00 6.157724186778068542e-02
6.748000144958496094e+00 6.481815129518508911e-02
7.291999340057373047e+00 6.825547665357589722e-02
7.722000122070312500e+00 7.021966576576232910e-02
7.912000179290771484e+00 6.838642060756683350e-02
8.449999809265136719e+00 7.064523547887802124e-02
9.148000717163085938e+00 7.529380917549133301e-02
9.157999038696289062e+00 7.801093906164169312e-02
8.727998733520507812e+00 7.532654702663421631e-02
3.359999656677246094e-01 5.499721970409154892e-03
8.820000290870666504e-01 1.175238192081451416e-02
1.175999999046325684e+00 1.492781657725572586e-02
1.311999917030334473e+00 1.663011126220226288e-02
1.607999801635742188e+00 2.042753808200359344e-02
1.959999918937683105e+00 2.409401908516883850e-02
2.383999824523925781e+00 2.920090407133102417e-02
2.791999816894531250e+00 3.489704430103302002e-02
3.335999727249145508e+00 4.262284561991691589e-02
3.953999519348144531e+00 5.041411519050598145e-02
4.905999660491943359e+00 5.656856670975685120e-02
5.687999725341796875e+00 6.039873138070106506e-02
5.855999469757080078e+00 6.098798662424087524e-02
5.549999713897705078e+00 5.958031862974166870e-02
4.923999786376953125e+00 5.594657361507415771e-02
4.428000450134277344e+00 5.476806312799453735e-02
4.419999599456787109e+00 5.781255289912223816e-02
4.641999721527099609e+00 6.301764398813247681e-02
4.735999584197998047e+00 6.527645885944366455e-02
4.656000614166259766e+00 6.318132579326629639e-02
2.540000081062316895e-01 4.124791361391544342e-03
5.799999833106994629e-01 9.362622164189815521e-03
8.400000333786010742e-01 1.329099480062723160e-02
9.160000681877136230e-01 1.479687076061964035e-02
1.049999952316284180e+00 1.705568470060825348e-02
1.266000032424926758e+00 2.059121988713741302e-02
1.543999910354614258e+00 2.504337579011917114e-02
1.941999912261962891e+00 3.119782730937004089e-02
2.319999694824218750e+00 3.712312132120132446e-02
2.823999881744384766e+00 4.484892264008522034e-02
3.301999807357788086e+00 5.224735662341117859e-02
3.733999490737915039e+00 5.777981504797935486e-02
3.865999937057495117e+00 5.843454599380493164e-02
3.947999715805053711e+00 5.813991650938987732e-02
3.939999818801879883e+00 5.640488490462303162e-02
3.689999580383300781e+00 5.208367481827735901e-02
3.691999673843383789e+00 5.191999301314353943e-02
3.981999397277832031e+00 5.663403868675231934e-02
4.244000434875488281e+00 6.128261610865592957e-02
4.091999530792236328e+00 5.902380123734474182e-02
7.740000486373901367e-01 1.263626571744680405e-02
1.312000036239624023e+00 2.108226716518402100e-02
1.724000096321105957e+00 2.704029902815818787e-02
1.777999877929687500e+00 2.704029902815818787e-02
1.707999944686889648e+00 2.465053834021091461e-02
1.752000093460083008e+00 2.386486530303955078e-02
1.864000201225280762e+00 2.298098057508468628e-02
2.245999813079833984e+00 2.543621324002742767e-02
2.671999692916870117e+00 2.772776409983634949e-02
3.093999862670898438e+00 3.057583421468734741e-02
3.435999631881713867e+00 3.276917710900306702e-02
3.749999523162841797e+00 3.551903739571571350e-02
4.029999732971191406e+00 3.817068785429000854e-02
4.374000072479248047e+00 4.170622304081916809e-02
4.776000022888183594e+00 4.547091573476791382e-02
5.366000175476074219e+00 5.149441957473754883e-02
6.237998962402343750e+00 6.033325940370559692e-02
7.039999961853027344e+00 6.760074943304061890e-02
7.191999912261962891e+00 6.910662353038787842e-02
6.914000034332275391e+00 6.665138900279998779e-02
6.280000209808349609e-01 1.024650596082210541e-02
1.022000074386596680e+00 1.460045203566551208e-02
1.575999975204467773e+00 1.558254566043615341e-02
1.919999957084655762e+00 1.397845987230539322e-02
2.543999910354614258e+00 1.587717235088348389e-02
3.337999820709228516e+00 1.816872321069240570e-02
3.945999622344970703e+00 2.006743662059307098e-02
4.633999347686767578e+00 2.291550859808921814e-02
5.101999282836914062e+00 2.569810487329959869e-02
6.369999885559082031e+00 3.244181349873542786e-02
7.745998382568359375e+00 3.898910060524940491e-02
8.857999801635742188e+00 4.439061135053634644e-02
8.942000389099121094e+00 4.795888438820838928e-02
8.602000236511230469e+00 4.933381453156471252e-02
7.361999511718750000e+00 4.864634945988655090e-02
5.257998943328857422e+00 4.353946447372436523e-02
3.273999929428100586e+00 3.686122968792915344e-02
2.355999946594238281e+00 3.257275745272636414e-02
2.190000057220458984e+00 3.332569450139999390e-02
2.241999864578247070e+00 3.414410725235939026e-02
9.240000844001770020e-01 1.446950621902942657e-02
1.128000020980834961e+00 1.669558510184288025e-02
1.690000057220458984e+00 2.386486530303955078e-02
2.176000118255615234e+00 2.831701934337615967e-02
2.511999845504760742e+00 2.890627644956111908e-02
2.901999950408935547e+00 2.864438481628894806e-02
3.803999662399291992e+00 3.479883447289466858e-02
5.167999267578125000e+00 4.484892264008522034e-02
6.579999923706054688e+00 5.277113988995552063e-02
7.980000019073486328e+00 5.692866817116737366e-02
9.059999465942382812e+00 5.967852845788002014e-02
9.769999504089355469e+00 6.016957759857177734e-02
1.003199958801269531e+01 6.072609499096870422e-02
1.026399993896484375e+01 5.974400043487548828e-02
1.031000137329101562e+01 5.653583258390426636e-02
1.075000000000000000e+01 5.843454599380493164e-02
1.181999969482421875e+01 6.442531198263168335e-02
1.304600048065185547e+01 7.107081264257431030e-02
1.317600059509277344e+01 7.260942459106445312e-02
1.275000000000000000e+01 6.930304318666458130e-02
1.709999918937683105e+00 2.798965573310852051e-02
1.919999837875366211e+00 3.139424696564674377e-02
1.569999933242797852e+00 2.523979544639587402e-02
1.160000085830688477e+00 1.839787885546684265e-02
1.111999988555908203e+00 1.774314977228641510e-02
1.283999919891357422e+00 2.046027407050132751e-02
1.401999950408935547e+00 2.216256968677043915e-02
1.529999852180480957e+00 2.399581111967563629e-02
1.701999783515930176e+00 2.612367831170558929e-02
2.089999914169311523e+00 3.204897418618202209e-02
2.609999895095825195e+00 3.885815292596817017e-02
3.133999824523925781e+00 4.533996805548667908e-02
3.476000070571899414e+00 4.822077602148056030e-02
3.588000059127807617e+00 4.802435636520385742e-02
3.502000093460083008e+00 4.560185968875885010e-02
3.095999717712402344e+00 3.918551653623580933e-02
2.767999887466430664e+00 3.391494974493980408e-02
2.746000051498413086e+00 3.142698109149932861e-02
2.700000047683715820e+00 3.080498985946178436e-02
2.737999916076660156e+00 3.168887272477149963e-02
5.320000052452087402e-01 8.609683252871036530e-03
7.980000376701354980e-01 1.289815735071897507e-02
1.199999928474426270e+00 1.934723556041717529e-02
1.406000018119812012e+00 2.239172533154487610e-02
1.481999993324279785e+00 2.327560819685459137e-02
1.393999934196472168e+00 2.118047699332237244e-02
1.407999992370605469e+00 1.996922865509986877e-02
1.703999876976013184e+00 2.275182493031024933e-02
2.155999898910522461e+00 2.756408229470252991e-02
2.673999786376953125e+00 3.195076435804367065e-02
3.147999763488769531e+00 3.558450937271118164e-02
3.493999958038330078e+00 3.826889768242835999e-02
3.819999933242797852e+00 4.170622304081916809e-02
4.103999614715576172e+00 4.540544003248214722e-02
4.394000053405761719e+00 4.939928650856018066e-02
4.783999919891357422e+00 5.630667507648468018e-02
5.394000053405761719e+00 6.557109206914901733e-02
5.855998992919921875e+00 7.342783361673355103e-02
5.883999347686767578e+00 7.509738951921463013e-02
5.807999610900878906e+00 7.251121103763580322e-02
2.440000027418136597e-01 3.993845544755458832e-03
4.079999923706054688e-01 6.678233854472637177e-03
5.299999713897705078e-01 8.315055631101131439e-03
5.819999575614929199e-01 9.100730530917644501e-03
6.719999313354492188e-01 9.853668510913848877e-03
8.360000252723693848e-01 1.162143610417842865e-02
1.099999904632568359e+00 1.401119586080312729e-02
1.482000112533569336e+00 1.751399599015712738e-02
2.021999835968017578e+00 2.196615189313888550e-02
2.587999820709228516e+00 2.615641616284847260e-02
3.319999933242797852e+00 3.018299676477909088e-02
3.977999687194824219e+00 3.414410725235939026e-02
4.459999561309814453e+00 3.790879622101783752e-02
4.878000259399414062e+00 4.203358665108680725e-02
5.231999397277832031e+00 4.684584587812423706e-02
5.515999794006347656e+00 5.064327269792556763e-02
6.170000076293945312e+00 5.843454599380493164e-02
6.642000198364257812e+00 6.527645885944366455e-02
7.039999961853027344e+00 7.038334757089614868e-02
7.389999866485595703e+00 7.293678820133209229e-02
4.259999990463256836e-01 6.940125022083520889e-03
4.859999716281890869e-01 7.889482192695140839e-03
7.340000867843627930e-01 1.194880064576864243e-02
9.760000109672546387e-01 1.581170037388801575e-02
1.098000049591064453e+00 1.780862361192703247e-02
1.197999954223632812e+00 1.915081776678562164e-02
1.365999698638916016e+00 2.137689478695392609e-02
1.642000079154968262e+00 2.517432160675525665e-02
1.931999802589416504e+00 2.870985679328441620e-02
2.503999948501586914e+00 3.673028573393821716e-02
3.164000272750854492e+00 4.547091573476791382e-02
3.728000164031982422e+00 5.208367481827735901e-02
4.072000026702880859e+00 5.480080097913742065e-02
4.263999938964843750e+00 5.558647587895393372e-02
4.203999996185302734e+00 5.303303152322769165e-02
3.943999767303466797e+00 4.808982834219932556e-02
3.708000421524047852e+00 4.412871971726417542e-02
3.782000064849853516e+00 4.507807642221450806e-02
3.917999982833862305e+00 4.900645092129707336e-02
4.148000240325927734e+00 5.421154573559761047e-02
3.019999861717224121e-01 4.943202249705791473e-03
5.000000000000000000e-01 8.184109814465045929e-03
6.299999952316284180e-01 1.027924194931983948e-02
8.120000362396240234e-01 1.329099480062723160e-02
9.940000176429748535e-01 1.627000980079174042e-02
1.226000070571899414e+00 2.003470063209533691e-02
1.495999932289123535e+00 2.445412054657936096e-02
1.817999720573425293e+00 2.972468733787536621e-02
2.145999908447265625e+00 3.509346395730972290e-02
2.607999801635742188e+00 4.262284561991691589e-02
3.057999849319458008e+00 4.995580762624740601e-02
3.389999866485595703e+00 5.539005622267723083e-02
3.395999908447265625e+00 5.552100017666816711e-02
3.480000257492065430e+00 5.686319619417190552e-02
3.353999853134155273e+00 5.480080097913742065e-02
3.029999971389770508e+00 4.956296831369400024e-02
2.953999757766723633e+00 4.831898584961891174e-02
3.119999647140502930e+00 5.103610828518867493e-02
3.097999811172485352e+00 5.054506286978721619e-02
3.049999952316284180e+00 4.959570616483688354e-02
3.740000128746032715e-01 6.088977679610252380e-03
4.720000028610229492e-01 7.660327013581991196e-03
5.800000429153442383e-01 8.904311805963516235e-03
7.380000352859497070e-01 1.103217992931604385e-02
7.020000219345092773e-01 1.119586266577243805e-02
5.320000052452087402e-01 8.576947264373302460e-03
5.939999818801879883e-01 9.559039957821369171e-03
6.160000562667846680e-01 9.886404499411582947e-03
6.760000586509704590e-01 1.093397103250026703e-02
7.660000324249267578e-01 1.237437408417463303e-02
8.499999046325683594e-01 1.381477713584899902e-02
9.440000057220458984e-01 1.528791710734367371e-02
1.021999955177307129e+00 1.640095561742782593e-02
1.031999826431274414e+00 1.640095561742782593e-02
1.007999897003173828e+00 1.613906398415565491e-02
9.319998621940612793e-01 1.518970821052789688e-02
7.919998764991760254e-01 1.293089333921670914e-02
6.699999570846557617e-01 1.093397103250026703e-02
5.939999818801879883e-01 9.689985774457454681e-03
5.759999752044677734e-01 9.395358152687549591e-03
9.799999594688415527e-01 1.564801856875419617e-02
1.874000072479248047e+00 2.546894922852516174e-02
2.246000051498413086e+00 2.936458587646484375e-02
1.709999918937683105e+00 2.448685653507709503e-02
1.001999974250793457e+00 1.476413384079933167e-02
6.119999885559082031e-01 8.773365989327430725e-03
5.539999604225158691e-01 7.856745272874832153e-03
4.939999580383300781e-01 7.529381196945905685e-03
3.999999761581420898e-01 6.252659950405359268e-03
4.399999976158142090e-01 6.514551583677530289e-03
4.979999959468841553e-01 6.809179671108722687e-03
6.440000534057617188e-01 8.085900917649269104e-03
8.219999670982360840e-01 9.820931591093540192e-03
1.079999923706054688e+00 1.276721153408288956e-02
1.252000093460083008e+00 1.512423530220985413e-02
1.476000070571899414e+00 1.712115854024887085e-02
1.655999898910522461e+00 1.780862361192703247e-02
1.979999899864196777e+00 1.885619014501571655e-02
2.198000192642211914e+00 1.951091736555099487e-02
2.388000011444091797e+00 2.016564644873142242e-02
1.043999910354614258e+00 1.685926690697669983e-02
1.323999881744384766e+00 2.144236862659454346e-02
1.597999811172485352e+00 2.455233037471771240e-02
1.129999995231628418e+00 1.649916544556617737e-02
9.699999690055847168e-01 1.221069227904081345e-02
1.162000060081481934e+00 1.276721153408288956e-02
1.560000300407409668e+00 1.577896438539028168e-02
2.167999744415283203e+00 1.947818137705326080e-02
2.901999711990356445e+00 2.360297366976737976e-02
3.817999839782714844e+00 2.903722226619720459e-02
4.747999668121337891e+00 3.702491149306297302e-02
5.619999408721923828e+00 4.399777576327323914e-02
6.193999290466308594e+00 4.714047163724899292e-02
6.500000000000000000e+00 4.717320948839187622e-02
6.678000450134277344e+00 4.517628625035285950e-02
6.940000057220458984e+00 4.455429315567016602e-02
7.334000110626220703e+00 4.635479673743247986e-02
8.231999397277832031e+00 5.211641266942024231e-02
8.894000053405761719e+00 5.800897255539894104e-02
8.781999588012695312e+00 5.764887109398841858e-02
1.006000041961669922e+00 1.617180183529853821e-02
3.834000110626220703e+00 3.977477550506591797e-02
4.106000423431396484e+00 4.164075106382369995e-02
4.094000339508056641e+00 4.245916381478309631e-02
3.949999809265136719e+00 4.259010776877403259e-02
3.253999948501586914e+00 3.761417046189308167e-02
2.679999828338623047e+00 3.329296037554740906e-02
2.665999650955200195e+00 3.293285891413688660e-02
3.189999580383300781e+00 3.728680312633514404e-02
4.138000011444091797e+00 4.540544003248214722e-02
5.117999553680419922e+00 5.316397920250892639e-02
6.099999427795410156e+00 6.072609499096870422e-02
6.690000057220458984e+00 6.370510905981063843e-02
7.152000427246093750e+00 6.648770719766616821e-02
7.423998832702636719e+00 6.730611622333526611e-02
7.519998550415039062e+00 6.596392393112182617e-02
7.810000419616699219e+00 6.848463416099548340e-02
8.482000350952148438e+00 7.545749098062515259e-02
8.807998657226562500e+00 7.981143891811370850e-02
8.916000366210937500e+00 8.272498100996017456e-02
1.083999872207641602e+00 1.764494180679321289e-02
1.639999985694885254e+00 2.376665547490119934e-02
1.730000138282775879e+00 2.082037553191184998e-02
1.930000305175781250e+00 2.111500315368175507e-02
2.335999965667724609e+00 2.311192639172077179e-02
2.782000064849853516e+00 2.461780235171318054e-02
3.347999572753906250e+00 2.926637791097164154e-02
4.017999649047851562e+00 3.512619808316230774e-02
4.619999408721923828e+00 4.095328599214553833e-02
5.614000320434570312e+00 4.812256619334220886e-02
6.723999977111816406e+00 5.568468198180198669e-02
7.631999492645263672e+00 6.193734332919120789e-02
7.756000041961669922e+00 6.380332261323928833e-02
7.667999744415283203e+00 6.635676324367523193e-02
6.995999813079833984e+00 6.550561636686325073e-02
5.915999412536621094e+00 6.380332261323928833e-02
5.274000167846679688e+00 6.527645885944366455e-02
5.228000164031982422e+00 7.116901874542236328e-02
5.119999408721923828e+00 7.296952605247497559e-02
4.903999805450439453e+00 6.992503255605697632e-02
5.259999632835388184e-01 8.478737436234951019e-03
8.379999995231628418e-01 1.352014951407909393e-02
1.058000087738037109e+00 1.715389452874660492e-02
1.120000004768371582e+00 1.816872321069240570e-02
1.088000059127807617e+00 1.771041378378868103e-02
1.107999801635742188e+00 1.813598722219467163e-02
1.207999825477600098e+00 1.977280899882316589e-02
1.382000088691711426e+00 2.235898748040199280e-02
1.650000095367431641e+00 2.690935321152210236e-02
2.151999950408935547e+00 3.502799198031425476e-02
2.683999776840209961e+00 4.383409395813941956e-02
3.251999855041503906e+00 5.322945117950439453e-02
3.529999971389770508e+00 5.774708092212677002e-02
3.613999843597412109e+00 5.899106338620185852e-02
3.794000148773193359e+00 6.141356006264686584e-02
3.534000158309936523e+00 5.614299327135086060e-02
3.115999937057495117e+00 4.992306977510452271e-02
2.982000350952148438e+00 4.841719567775726318e-02
2.811999797821044922e+00 4.602743312716484070e-02
2.541999816894531250e+00 4.160801321268081665e-02
6.959999799728393555e-01 1.135954447090625763e-02
1.179999947547912598e+00 1.895439811050891876e-02
1.523999929428100586e+00 2.278456278145313263e-02
1.807999730110168457e+00 2.563263289630413055e-02
2.029999971389770508e+00 2.753134630620479584e-02
2.053999900817871094e+00 2.507611364126205444e-02
1.947999835014343262e+00 2.154057659208774567e-02
2.000000000000000000e+00 2.046027407050132751e-02
2.141999959945678711e+00 2.170426025986671448e-02
2.629999876022338867e+00 2.609094232320785522e-02
3.145999670028686523e+00 3.077225387096405029e-02
3.526000022888183594e+00 3.368579596281051636e-02
3.462000131607055664e+00 3.306380286812782288e-02
3.266000032424926758e+00 3.162340074777603149e-02
2.829999923706054688e+00 2.920090407133102417e-02
2.051999807357788086e+00 2.383212745189666748e-02
1.283999919891357422e+00 1.774314977228641510e-02
9.659999012947082520e-01 1.496055256575345993e-02
9.579999446868896484e-01 1.538612693548202515e-02
9.279998540878295898e-01 1.515697129070758820e-02
7.099999785423278809e-01 1.155596319586038589e-02
1.449999928474426270e+00 2.363570965826511383e-02
1.979999780654907227e+00 3.162340074777603149e-02
1.971999883651733398e+00 3.113235346972942352e-02
1.756000161170959473e+00 2.700756303966045380e-02
1.604000091552734375e+00 2.389760129153728485e-02
1.729999780654907227e+00 2.448685653507709503e-02
1.879999995231628418e+00 2.605820633471012115e-02
2.011999845504760742e+00 2.762955427169799805e-02
2.329999923706054688e+00 3.267096728086471558e-02
2.855999946594238281e+00 3.872720897197723389e-02
3.521999835968017578e+00 4.288473725318908691e-02
3.495999574661254883e+00 4.209906235337257385e-02
3.247999906539916992e+00 3.977477550506591797e-02
2.763999938964843750e+00 3.506072610616683960e-02
1.932000041007995605e+00 2.641830593347549438e-02
1.289999961853027344e+00 1.872524432837963104e-02
1.019999980926513672e+00 1.453497912734746933e-02
9.500000476837158203e-01 1.273447461426258087e-02
9.679999947547912598e-01 1.178511790931224823e-02
6.699999570846557617e-01 1.096670702099800110e-02
1.442000031471252441e+00 2.337381802499294281e-02
1.992000102996826172e+00 3.165613859891891479e-02
2.187999963760375977e+00 3.499525412917137146e-02
2.101999759674072266e+00 3.365305811166763306e-02
1.822000026702880859e+00 2.910269424319267273e-02
1.655999660491943359e+00 2.661472558975219727e-02
1.761999726295471191e+00 2.844796516001224518e-02
1.893999695777893066e+00 3.041215240955352783e-02
2.119999647140502930e+00 3.319475054740905762e-02
2.265999794006347656e+00 3.362032398581504822e-02
2.266000032424926758e+00 3.368579596281051636e-02
2.085999965667724609e+00 3.132877126336097717e-02
1.830000162124633789e+00 2.834975719451904297e-02
1.431999802589416504e+00 2.281729876995086670e-02
9.019999504089355469e-01 1.446950621902942657e-02
5.060000419616699219e-01 8.184109814465045929e-03
3.700000047683715820e-01 5.728877149522304535e-03
3.780000209808349609e-01 5.303303245455026627e-03
4.660000503063201904e-01 6.187187042087316513e-03
7.160000205039978027e-01 1.171964500099420547e-02
1.241999864578247070e+00 2.013291046023368835e-02
1.587999820709228516e+00 2.569810487329959869e-02
1.531999945640563965e+00 2.478148415684700012e-02
1.225999951362609863e+00 1.990375481545925140e-02
9.300000071525573730e-01 1.509149838238954544e-02
7.899999618530273438e-01 1.286542043089866638e-02
8.200000524520874023e-01 1.335646770894527435e-02
8.760000467300415039e-01 1.420761458575725555e-02
9.739999771118164062e-01 1.590991020202636719e-02
1.151999831199645996e+00 1.859429851174354553e-02
1.277999997138977051e+00 2.065669372677803040e-02
1.423999905586242676e+00 2.311192639172077179e-02
1.503999948501586914e+00 2.448685653507709503e-02
1.509999990463256836e+00 2.465053834021091461e-02
1.519999980926513672e+00 2.487969398498535156e-02
1.555999994277954102e+00 2.543621324002742767e-02
1.490000009536743164e+00 2.432317472994327545e-02
1.435999989509582520e+00 2.347202785313129425e-02
1.389999985694885254e+00 2.271908894181251526e-02
2.585999965667724609e+00 4.213179647922515869e-02
3.105999946594238281e+00 5.002127960324287415e-02
3.470000028610229492e+00 5.532458424568176270e-02
3.617999792098999023e+00 5.702687799930572510e-02
3.181999683380126953e+00 5.061053484678268433e-02
2.765999794006347656e+00 4.494713246822357178e-02
2.772000074386596680e+00 4.507807642221450806e-02
2.853999853134155273e+00 4.651848226785659790e-02
2.909999847412109375e+00 4.753331094980239868e-02
3.087999820709228516e+00 5.044685304164886475e-02
3.339999675750732422e+00 5.460438132286071777e-02
3.605999946594238281e+00 5.895832926034927368e-02
3.648000001907348633e+00 5.958031862974166870e-02
3.737999439239501953e+00 6.108619645237922668e-02
3.628000020980834961e+00 5.928569287061691284e-02
3.395999908447265625e+00 5.555373802781105042e-02
3.450000524520874023e+00 5.647035688161849976e-02
3.559999942779541016e+00 5.827086418867111206e-02
3.523999452590942383e+00 5.768160521984100342e-02
3.321999788284301758e+00 5.437522754073143005e-02
3.379999995231628418e-01 5.532458424568176270e-03
1.083999872207641602e+00 1.771041378378868103e-02
1.599999904632568359e+00 2.615641616284847260e-02
1.782000064849853516e+00 2.903722226619720459e-02
1.891999721527099609e+00 3.018299676477909088e-02
1.740000009536743164e+00 2.690935321152210236e-02
1.621999740600585938e+00 2.353749983012676239e-02
1.803999900817871094e+00 2.429043874144554138e-02
2.212000131607055664e+00 2.772776409983634949e-02
3.023999929428100586e+00 3.656660392880439758e-02
3.997999906539916992e+00 4.589648917317390442e-02
4.795999526977539062e+00 5.221462249755859375e-02
5.312000751495361328e+00 5.493174493312835693e-02
5.569999694824218750e+00 5.614299327135086060e-02
5.634000301361083984e+00 5.548826605081558228e-02
5.342000007629394531e+00 5.113431811332702637e-02
5.084000110626220703e+00 4.642027243971824646e-02
5.093999862670898438e+00 4.700952768325805664e-02
5.177999973297119141e+00 5.116705596446990967e-02
5.445999622344970703e+00 5.647035688161849976e-02
8.360000252723693848e-01 1.171964500099420547e-02
1.991999745368957520e+00 2.890627644956111908e-02
2.974000215530395508e+00 3.902183473110198975e-02
3.467999696731567383e+00 4.114970564842224121e-02
3.883999824523925781e+00 4.056045040488243103e-02
4.122000217437744141e+00 3.499525412917137146e-02
4.445999622344970703e+00 3.162340074777603149e-02
5.287999153137207031e+00 3.509346395730972290e-02
6.199999809265136719e+00 4.023308306932449341e-02
7.787999629974365234e+00 4.864634945988655090e-02
9.527998924255371094e+00 5.738697946071624756e-02
1.083199882507324219e+01 6.367237865924835205e-02
1.104799938201904297e+01 6.642223894596099854e-02
1.088599967956542969e+01 6.760074943304061890e-02
1.012599945068359375e+01 6.835368275642395020e-02
8.875999450683593750e+00 6.773169338703155518e-02
7.985999584197998047e+00 6.868105381727218628e-02
7.915999412536621094e+00 7.202016562223434448e-02
8.029999732971191406e+00 7.421351224184036255e-02
7.885999679565429688e+00 7.120175659656524658e-02
2.137999773025512695e+00 3.260549530386924744e-02
2.380000114440917969e+00 3.640292212367057800e-02
2.832000017166137695e+00 4.114970564842224121e-02
2.659999847412109375e+00 3.836710751056671143e-02
2.458000183105468750e+00 3.623924031853675842e-02
2.659999847412109375e+00 3.993845731019973755e-02
3.009999990463256836e+00 4.520902410149574280e-02
3.463999748229980469e+00 5.054506286978721619e-02
3.781999826431274414e+00 5.424427986145019531e-02
3.759999513626098633e+00 5.555373802781105042e-02
3.563999652862548828e+00 5.558647587895393372e-02
3.482000112533569336e+00 5.604478344321250916e-02
3.388000011444091797e+00 5.493174493312835693e-02
3.419999837875366211e+00 5.545552819967269897e-02
3.295999765396118164e+00 5.358955264091491699e-02
3.018000125885009766e+00 4.920287057757377625e-02
2.905999898910522461e+00 4.746783897280693054e-02
3.138000011444091797e+00 5.136347189545631409e-02
3.264000177383422852e+00 5.336039513349533081e-02
3.060000181198120117e+00 4.998854175209999084e-02
4.819999933242797852e-01 7.856745272874832153e-03
9.760000109672546387e-01 1.545159984380006790e-02
1.424000263214111328e+00 2.154057659208774567e-02
1.596000075340270996e+00 2.298098057508468628e-02
1.699999928474426270e+00 2.337381802499294281e-02
2.012000083923339844e+00 2.592726051807403564e-02
2.399999856948852539e+00 2.870985679328441620e-02
3.037999868392944336e+00 3.437326103448867798e-02
3.717999696731567383e+00 3.967656567692756653e-02
4.517999649047851562e+00 4.835171997547149658e-02
5.435999870300292969e+00 5.597931146621704102e-02
6.355999469757080078e+00 6.259207427501678467e-02
6.670000076293945312e+00 6.465446949005126953e-02
6.823999881744384766e+00 6.563656032085418701e-02
6.837999820709228516e+00 6.540740281343460083e-02
6.562000751495361328e+00 6.259207427501678467e-02
6.846000671386718750e+00 6.416342407464981079e-02
7.476000308990478516e+00 6.966314464807510376e-02
7.642000675201416016e+00 7.195469737052917480e-02
7.387999057769775391e+00 7.005598396062850952e-02
9.380000233650207520e-01 1.522244419902563095e-02
1.323999881744384766e+00 2.140963077545166016e-02
1.526000022888183594e+00 2.465053834021091461e-02
1.411999940872192383e+00 2.275182493031024933e-02
1.226000070571899414e+00 1.983828283846378326e-02
1.087999939918518066e+00 1.757946796715259552e-02
1.141999959945678711e+00 1.846335269510746002e-02
1.249999880790710449e+00 2.023112028837203979e-02
1.368000030517578125e+00 2.216256968677043915e-02
1.635999917984008789e+00 2.654925175011157990e-02
1.937999963760375977e+00 3.155792877078056335e-02
2.145999670028686523e+00 3.496251627802848816e-02
2.145999908447265625e+00 3.499525412917137146e-02
2.090000152587890625e+00 3.411136940121650696e-02
1.787999987602233887e+00 2.923364005982875824e-02
1.411999940872192383e+00 2.304645255208015442e-02
1.105999827384948730e+00 1.800504140555858612e-02
1.087999939918518066e+00 1.777588762342929840e-02
1.163999915122985840e+00 1.905260793864727020e-02
1.257999897003173828e+00 2.059121988713741302e-02
4.780000150203704834e-01 7.824009284377098083e-03
8.580000400543212891e-01 1.243984699249267578e-02
1.364000082015991211e+00 1.541886292397975922e-02
1.912000060081481934e+00 1.869250647723674774e-02
2.608000040054321289e+00 2.294824458658695221e-02
3.493999481201171875e+00 2.756408229470252991e-02
4.261999607086181641e+00 3.142698109149932861e-02
5.181999206542968750e+00 3.699217736721038818e-02
6.087999820709228516e+00 4.259010776877403259e-02
7.585999011993408203e+00 5.002127960324287415e-02
9.261999130249023438e+00 5.823812633752822876e-02
1.059800052642822266e+01 6.449078768491744995e-02
1.088800048828125000e+01 6.707696616649627686e-02
1.082799911499023438e+01 6.851736456155776978e-02
1.017800045013427734e+01 6.985956430435180664e-02
8.945999145507812500e+00 6.773169338703155518e-02
8.069998741149902344e+00 6.858284026384353638e-02
8.118000030517578125e+00 7.179101556539535522e-02
8.310000419616699219e+00 7.457360625267028809e-02
8.191999435424804688e+00 7.283857464790344238e-02
5.640000104904174805e-01 9.166203439235687256e-03
2.093999862670898438e+00 3.420957922935485840e-02
2.682000160217285156e+00 4.242642596364021301e-02
2.849999904632568359e+00 4.337578266859054565e-02
2.861999988555908203e+00 4.147706925868988037e-02
2.687999725341796875e+00 3.614103049039840698e-02
2.345999717712402344e+00 2.870985679328441620e-02
2.273999691009521484e+00 2.645104378461837769e-02
2.407999753952026367e+00 2.766229212284088135e-02
2.875999927520751953e+00 3.290012106299400330e-02
3.491999626159667969e+00 3.997119143605232239e-02
4.105999469757080078e+00 4.586375132203102112e-02
4.255999565124511719e+00 4.900645092129707336e-02
4.165999412536621094e+00 4.939928650856018066e-02
3.777999877929687500e+00 4.799162223935127258e-02
2.980000019073486328e+00 4.180443286895751953e-02
2.273999929428100586e+00 3.483157232403755188e-02
1.977999806404113770e+00 3.136150911450386047e-02
1.901999950408935547e+00 3.044488839805126190e-02
1.905999898910522461e+00 3.070678003132343292e-02
1.271999835968017578e+00 2.082037553191184998e-02
1.439999938011169434e+00 2.294824458658695221e-02
1.825999855995178223e+00 2.648377977311611176e-02
2.329999685287475586e+00 3.123056329786777496e-02
2.960000038146972656e+00 3.771238029003143311e-02
3.683999776840209961e+00 4.373588413000106812e-02
4.111999988555908203e+00 4.599469900131225586e-02
4.449999809265136719e+00 4.566733166575431824e-02
4.757999897003173828e+00 4.583101719617843628e-02
5.552000045776367188e+00 5.057780072093009949e-02
6.737999916076660156e+00 5.781255289912223816e-02
7.831999301910400391e+00 6.422889232635498047e-02
8.262000083923339844e+00 6.619308143854141235e-02
8.481999397277832031e+00 6.835368275642395020e-02
8.185999870300292969e+00 7.005598396062850952e-02
7.437999725341796875e+00 6.976135075092315674e-02
6.626000404357910156e+00 6.841915845870971680e-02
6.396000385284423828e+00 7.077617943286895752e-02
6.289999961853027344e+00 7.228206098079681396e-02
6.122000217437744141e+00 7.084165513515472412e-02
9.159999489784240723e-01 1.469866093248128891e-02
1.146000027656555176e+00 1.790683157742023468e-02
1.452000141143798828e+00 2.098405733704566956e-02
1.624000072479248047e+00 2.154057659208774567e-02
1.709999918937683105e+00 1.987101882696151733e-02
1.893999934196472168e+00 1.974007301032543182e-02
2.145999670028686523e+00 2.114773914217948914e-02
2.375999927520751953e+00 2.343929000198841095e-02
2.453999996185302734e+00 2.451959252357482910e-02
2.837999820709228516e+00 2.906995825469493866e-02
3.484000205993652344e+00 3.260549530386924744e-02
4.159999370574951172e+00 3.414410725235939026e-02
4.203999996185302734e+00 3.466789051890373230e-02
3.855999946594238281e+00 3.348937630653381348e-02
2.971999645233154297e+00 2.867712080478668213e-02
2.006000280380249023e+00 2.291550859808921814e-02
1.200000047683715820e+00 1.659737527370452881e-02
8.179999589920043945e-01 1.273447461426258087e-02
6.699999570846557617e-01 1.073755230754613876e-02
5.780000090599060059e-01 9.297149255871772766e-03
1.786000013351440430e+00 2.910269424319267273e-02
2.688000202178955078e+00 4.304841905832290649e-02
3.527999877929687500e+00 5.368776246905326843e-02
3.799999952316284180e+00 5.516090244054794312e-02
3.667999744415283203e+00 5.237830430269241333e-02
3.230000019073486328e+00 4.808982834219932556e-02
2.905999660491943359e+00 4.563459753990173340e-02
2.740000009536743164e+00 4.353946447372436523e-02
2.572000026702880859e+00 4.029855877161026001e-02
2.779999971389770508e+00 4.259010776877403259e-02
3.161999702453613281e+00 4.720594733953475952e-02
3.683999538421630859e+00 5.316397920250892639e-02
3.987999677658081055e+00 5.545552819967269897e-02
4.205999851226806641e+00 5.611025914549827576e-02
4.311999797821044922e+00 5.558647587895393372e-02
4.167999744415283203e+00 5.090516433119773865e-02
3.988000154495239258e+00 4.720594733953475952e-02
4.089999675750732422e+00 4.720594733953475952e-02
4.234000205993652344e+00 5.002127960324287415e-02
4.242000102996826172e+00 5.218188464641571045e-02
3.480000197887420654e-01 5.630667787045240402e-03
1.969999909400939941e+00 3.217992186546325684e-02
2.315999746322631836e+00 3.731954097747802734e-02
2.242000102996826172e+00 3.564998134970664978e-02
2.059999942779541016e+00 3.309654071927070618e-02
1.661999940872192383e+00 2.677840739488601685e-02
1.362000107765197754e+00 2.199888788163661957e-02
1.241999983787536621e+00 1.990375481545925140e-02
1.435999870300292969e+00 2.298098057508468628e-02
1.719999790191650391e+00 2.723671868443489075e-02
1.927999854087829590e+00 3.037941642105579376e-02
2.176000118255615234e+00 3.378400579094886780e-02
2.399999856948852539e+00 3.637018427252769470e-02
2.710000038146972656e+00 3.980750963091850281e-02
3.000000000000000000e+00 4.340852051973342896e-02
3.286000013351440430e+00 4.740236327052116394e-02
3.802000284194946289e+00 5.571741983294487000e-02
4.288000583648681641e+00 6.390152871608734131e-02
4.350000381469726562e+00 6.645496934652328491e-02
4.075999736785888672e+00 6.337774544954299927e-02
1.719999909400939941e+00 2.815333753824234009e-02
2.208000183105468750e+00 3.614103049039840698e-02
2.634000301361083984e+00 4.291747137904167175e-02
2.688000202178955078e+00 4.370314627885818481e-02
2.444000005722045898e+00 3.987298160791397095e-02
2.098000049591064453e+00 3.420957922935485840e-02
1.924000144004821777e+00 3.142698109149932861e-02
1.932000041007995605e+00 3.159066289663314819e-02
2.006000280380249023e+00 3.280191123485565186e-02
2.141999959945678711e+00 3.502799198031425476e-02
2.271999835968017578e+00 3.715585917234420776e-02
2.243999958038330078e+00 3.669754788279533386e-02
2.267999887466430664e+00 3.709038719534873962e-02
2.162000179290771484e+00 3.538808971643447876e-02
1.990000009536743164e+00 3.257275745272636414e-02
1.733999848365783691e+00 2.838249318301677704e-02
1.517999887466430664e+00 2.484695799648761749e-02
1.443999886512756348e+00 2.363570965826511383e-02
1.519999861717224121e+00 2.487969398498535156e-02
1.491999745368957520e+00 2.438864670693874359e-02
1.064000010490417480e+00 1.731757633388042450e-02
1.226000070571899414e+00 1.964186318218708038e-02
1.669999957084655762e+00 2.494516782462596893e-02
1.853999853134155273e+00 2.635283395648002625e-02
1.867999792098999023e+00 2.481422200798988342e-02
1.913999915122985840e+00 2.281729876995086670e-02
1.945999979972839355e+00 2.134415879845619202e-02
2.105999946594238281e+00 2.242446132004261017e-02
2.271999835968017578e+00 2.429043874144554138e-02
2.717999935150146484e+00 2.864438481628894806e-02
3.236000061035156250e+00 3.358758613467216492e-02
3.773999452590942383e+00 3.853078931570053101e-02
3.698000431060791016e+00 3.758143261075019836e-02
3.437999725341796875e+00 3.568271920084953308e-02
2.794000148773193359e+00 3.018299676477909088e-02
1.853999853134155273e+00 2.219530567526817322e-02
1.088000059127807617e+00 1.453497912734746933e-02
7.179999947547912598e-01 1.063934247940778732e-02
5.460000634193420410e-01 8.838838897645473480e-03
4.660000205039978027e-01 7.627590559422969818e-03
5.720000267028808594e-01 9.362622164189815521e-03
9.380000829696655273e-01 1.532065402716398239e-02
1.180000066757202148e+00 1.849608868360519409e-02
1.420000076293945312e+00 2.219530567526817322e-02
1.593999862670898438e+00 2.396307326853275299e-02
1.769999980926513672e+00 2.514158561825752258e-02
2.074000120162963867e+00 2.825154736638069153e-02
2.643999814987182617e+00 3.456968069076538086e-02
3.214000225067138672e+00 3.977477550506591797e-02
3.939999580383300781e+00 4.681310802698135376e-02
4.529999732971191406e+00 5.352407693862915039e-02
5.031999588012695312e+00 5.931842699646949768e-02
5.265999794006347656e+00 6.180639937520027161e-02
5.517999649047851562e+00 6.393426656723022461e-02
5.525999546051025391e+00 6.295217573642730713e-02
5.504000186920166016e+00 6.108619645237922668e-02
5.793999671936035156e+00 6.344322115182876587e-02
6.235999584197998047e+00 6.796085089445114136e-02
6.319999694824218750e+00 6.900841742753982544e-02
6.098000526428222656e+00 6.668412685394287109e-02
7.540000081062316895e-01 1.227616518735885620e-02
1.100000023841857910e+00 1.790683157742023468e-02
1.220000028610229492e+00 1.960912719368934631e-02
1.216000080108642578e+00 1.905260793864727020e-02
1.218000054359436035e+00 1.820146106183528900e-02
1.439999938011169434e+00 2.039480209350585938e-02
1.893999934196472168e+00 2.514158561825752258e-02
2.565999746322631836e+00 3.221265599131584167e-02
3.186000108718872070e+00 3.754869475960731506e-02
4.031999588012695312e+00 4.357220232486724854e-02
4.867999553680419922e+00 5.021769925951957703e-02
5.651999473571777344e+00 5.712508782744407654e-02
6.099999427795410156e+00 6.059515103697776794e-02
6.435999393463134766e+00 6.380332261323928833e-02
6.644000053405761719e+00 6.508003920316696167e-02
6.771999835968017578e+00 6.517825275659561157e-02
7.079999923706054688e+00 6.805905699729919434e-02
7.631999969482421875e+00 7.499918341636657715e-02
7.924000263214111328e+00 7.876387238502502441e-02
7.985999584197998047e+00 7.892755419015884399e-02
9.499999880790710449e-01 1.551707275211811066e-02
1.235999941825866699e+00 2.006743662059307098e-02
1.417999982833862305e+00 2.294824458658695221e-02
1.346000075340270996e+00 2.183520607650279999e-02
1.264000058174133301e+00 2.052574791014194489e-02
1.367999792098999023e+00 2.229351550340652466e-02
1.500000000000000000e+00 2.402854710817337036e-02
1.666000008583068848e+00 2.635283395648002625e-02
1.878000020980834961e+00 2.936458587646484375e-02
2.305999994277954102e+00 3.522440791130065918e-02
2.915999889373779297e+00 4.399777576327323914e-02
3.523999929428100586e+00 5.218188464641571045e-02
3.839999198913574219e+00 5.466985329985618591e-02
4.049999713897705078e+00 5.578289180994033813e-02
3.929999828338623047e+00 5.231283232569694519e-02
3.653999805450439453e+00 4.700952768325805664e-02
3.389999866485595703e+00 4.285199940204620361e-02
3.266000032424926758e+00 4.245916381478309631e-02
3.325999975204467773e+00 4.455429315567016602e-02
3.379999876022338867e+00 4.733689129352569580e-02
6.220000386238098145e-01 1.014829613268375397e-02
8.380000591278076172e-01 1.365109533071517944e-02
1.194000005722045898e+00 1.924902573227882385e-02
1.442000031471252441e+00 2.340655401349067688e-02
1.516000032424926758e+00 2.468327619135379791e-02
1.511999964714050293e+00 2.458506636321544647e-02
1.731999754905700684e+00 2.812060154974460602e-02
2.068000078201293945e+00 3.358758613467216492e-02
2.323999643325805664e+00 3.764690458774566650e-02
2.746000051498413086e+00 4.461976885795593262e-02
3.111999750137329102e+00 5.054506286978721619e-02
3.446000099182128906e+00 5.601204931735992432e-02
3.404000520706176758e+00 5.539005622267723083e-02
3.299999952316284180e+00 5.368776246905326843e-02
3.095999717712402344e+00 5.051232501864433289e-02
2.736000061035156250e+00 4.461976885795593262e-02
2.503999948501586914e+00 4.085507616400718689e-02
2.509999752044677734e+00 4.098602384328842163e-02
2.444000244140625000e+00 3.990571945905685425e-02
2.260000228881835938e+00 3.689396753907203674e-02
1.756000161170959473e+00 2.861164882779121399e-02
1.588000178337097168e+00 2.543621324002742767e-02
1.458000183105468750e+00 2.124594897031784058e-02
1.516000032424926758e+00 2.078763954341411591e-02
1.753999948501586914e+00 2.258814312517642975e-02
2.061999797821044922e+00 2.474874816834926605e-02
2.246000051498413086e+00 2.592726051807403564e-02
2.325999975204467773e+00 2.576357871294021606e-02
2.315999746322631836e+00 2.412675507366657257e-02
2.613999843597412109e+00 2.618915215134620667e-02
3.145999670028686523e+00 3.070678003132343292e-02
3.579999923706054688e+00 3.407863527536392212e-02
3.497999906539916992e+00 3.355485200881958008e-02
3.199999809265136719e+00 3.087046183645725250e-02
2.557999849319458008e+00 2.576357871294021606e-02
1.613999843597412109e+00 1.771041378378868103e-02
8.360000252723693848e-01 1.047566067427396774e-02
5.000000000000000000e-01 7.136543747037649155e-03
4.460000097751617432e-01 6.547288037836551666e-03
4.820000231266021729e-01 6.776443216949701309e-03
7.700000405311584473e-01 1.250531990081071854e-02
2.237999916076660156e+00 3.103414550423622131e-02
3.237999916076660156e+00 4.036403074860572815e-02
3.444000244140625000e+00 4.029855877161026001e-02
3.237999916076660156e+00 3.607555478811264038e-02
2.571999788284301758e+00 2.893901243805885315e-02
1.967999815940856934e+00 2.248993329703807831e-02
1.963999867439270020e+00 2.140963077545166016e-02
2.135999917984008789e+00 2.327560819685459137e-02
2.431999683380126953e+00 2.625462412834167480e-02
2.901999473571777344e+00 3.073951601982116699e-02
3.297999858856201172e+00 3.283464908599853516e-02
3.210000276565551758e+00 3.159066289663314819e-02
2.941999673843383789e+00 2.923364005982875824e-02
2.365999698638916016e+00 2.451959252357482910e-02
1.517999887466430664e+00 1.682652905583381653e-02
7.220000028610229492e-01 9.264412336051464081e-03
3.979999721050262451e-01 5.728877149522304535e-03
2.939999997615814209e-01 4.648574627935886383e-03
2.739999890327453613e-01 4.321210086345672607e-03
1.031999945640563965e+00 1.663011126220226288e-02
8.899999856948852539e-01 1.384751405566930771e-02
1.055999994277954102e+00 1.600811816751956940e-02
1.164000034332275391e+00 1.695747487246990204e-02
1.416000008583068848e+00 1.882345229387283325e-02
1.673999905586242676e+00 1.974007301032543182e-02
1.979999899864196777e+00 2.029659226536750793e-02
2.619999885559082031e+00 2.321013621985912323e-02
3.315999984741210938e+00 2.632009796798229218e-02
4.147999763488769531e+00 3.001931495964527130e-02
4.991999626159667969e+00 3.348937630653381348e-02
5.851999282836914062e+00 3.715585917234420776e-02
6.577999114990234375e+00 4.167348891496658325e-02
7.236000061035156250e+00 4.694405570626258850e-02
7.878000259399414062e+00 5.152715742588043213e-02
8.647998809814453125e+00 5.931842699646949768e-02
9.857999801635742188e+00 6.940124928951263428e-02
1.088800048828125000e+01 7.699610292911529541e-02
1.130199909210205078e+01 8.210299164056777954e-02
1.113999938964843750e+01 8.210299164056777954e-02
5.659999847412109375e-01 9.231676347553730011e-03
1.054000020027160645e+00 1.715389452874660492e-02
1.488000154495239258e+00 2.402854710817337036e-02
1.714000105857849121e+00 2.749860845506191254e-02
1.606000065803527832e+00 2.573084086179733276e-02
1.490000009536743164e+00 2.376665547490119934e-02
1.577999830245971680e+00 2.491242997348308563e-02
1.786000013351440430e+00 2.805512957274913788e-02
2.015999794006347656e+00 3.149245306849479675e-02
2.470000028610229492e+00 3.875994309782981873e-02
2.982000112533569336e+00 4.681310802698135376e-02
3.493999481201171875e+00 5.329492315649986267e-02
3.750000000000000000e+00 5.516090244054794312e-02
3.794000148773193359e+00 5.378596857190132141e-02
3.703999757766723633e+00 5.100337415933609009e-02
3.443999767303466797e+00 4.668216407299041748e-02
3.133999824523925781e+00 4.239368811249732971e-02
3.216000080108642578e+00 4.432513937354087830e-02
3.234000205993652344e+00 4.694405570626258850e-02
3.139999628067016602e+00 4.681310802698135376e-02
8.419999480247497559e-01 1.371656823903322220e-02
1.083999991416931152e+00 1.767767779529094696e-02
1.146000027656555176e+00 1.869250647723674774e-02
1.018000006675720215e+00 1.653190143406391144e-02
8.339999914169311523e-01 1.352014951407909393e-02
6.760000586509704590e-01 1.096670702099800110e-02
6.060000061988830566e-01 9.853668510913848877e-03
4.819999933242797852e-01 7.824009284377098083e-03
4.040000140666961670e-01 6.612760946154594421e-03
3.780000209808349609e-01 6.154450587928295135e-03
3.639999926090240479e-01 5.925295408815145493e-03
3.320000469684600830e-01 5.401512607932090759e-03
3.240000009536743164e-01 5.270566791296005249e-03
3.140000104904174805e-01 5.106884520500898361e-03
2.760000228881835938e-01 4.484892357140779495e-03
2.299999892711639404e-01 3.731954144313931465e-03
1.920000016689300537e-01 3.109961748123168945e-03
1.659999936819076538e-01 2.684388076886534691e-03
1.219999939203262329e-01 1.964186318218708038e-03
9.799999743700027466e-02 1.571349101141095161e-03
5.320000052452087402e-01 8.675156161189079285e-03
8.519999980926513672e-01 1.381477713584899902e-02
1.236000061035156250e+00 1.924902573227882385e-02
1.555999875068664551e+00 2.278456278145313263e-02
1.982000112533569336e+00 2.762955427169799805e-02
2.546000242233276367e+00 3.348937630653381348e-02
3.069999933242797852e+00 3.859626129269599915e-02
3.513999938964843750e+00 4.206632450222969055e-02
4.064000129699707031e+00 4.658395424485206604e-02
4.664000034332275391e+00 5.175631120800971985e-02
5.456000328063964844e+00 5.761613324284553528e-02
6.183999538421630859e+00 6.151176989078521729e-02
6.305999755859375000e+00 6.115166842937469482e-02
6.323999881744384766e+00 6.154450774192810059e-02
6.077999591827392578e+00 6.010410189628601074e-02
5.739999771118164062e+00 5.604478344321250916e-02
5.745999813079833984e+00 5.463711917400360107e-02
6.033999919891357422e+00 5.669951438903808594e-02
6.136000156402587891e+00 5.787802487611770630e-02
5.892000675201416016e+00 5.588110163807868958e-02
6.380000710487365723e-01 1.041018776595592499e-02
8.840000033378601074e-01 1.410940568894147873e-02
1.304000020027160645e+00 1.895439811050891876e-02
1.457999944686889648e+00 1.974007301032543182e-02
1.644000053405761719e+00 2.065669372677803040e-02
1.825999855995178223e+00 2.118047699332237244e-02
2.197999954223632812e+00 2.543621324002742767e-02
2.641999483108520508e+00 3.191803023219108582e-02
2.973999500274658203e+00 3.659933805465698242e-02
3.647999763488769531e+00 4.403050988912582397e-02
4.375999450683593750e+00 5.205094069242477417e-02
5.081999301910400391e+00 5.679772421717643738e-02
5.267999649047851562e+00 5.751792341470718384e-02
5.242000102996826172e+00 5.830359831452369690e-02
4.743999958038330078e+00 5.506269261240959167e-02
4.101999759674072266e+00 5.146168172359466553e-02
3.675999879837036133e+00 4.953023418784141541e-02
3.645999670028686523e+00 5.254198610782623291e-02
3.433999776840209961e+00 5.270566791296005249e-02
3.285999774932861328e+00 5.090516433119773865e-02
1.787999868392944336e+00 2.877533063292503357e-02
2.493999958038330078e+00 3.980750963091850281e-02
2.863999843597412109e+00 4.412871971726417542e-02
3.125999927520751953e+00 4.691131785511970520e-02
3.161999940872192383e+00 4.566733166575431824e-02
2.901999711990356445e+00 3.912004455924034119e-02
2.553999900817871094e+00 3.227812796831130981e-02
2.423999786376953125e+00 2.867712080478668213e-02
2.499999761581420898e+00 2.923364005982875824e-02
2.795999765396118164e+00 3.208171203732490540e-02
3.177999734878540039e+00 3.509346395730972290e-02
3.451999664306640625e+00 3.522440791130065918e-02
3.252000093460083008e+00 3.276917710900306702e-02
2.875999927520751953e+00 2.936458587646484375e-02
2.175999641418457031e+00 2.350476384162902832e-02
1.272000074386596680e+00 1.554980874061584473e-02
6.520000100135803223e-01 8.511474356055259705e-03
3.179999887943267822e-01 4.583101719617843628e-03
1.980000138282775879e-01 3.109961748123168945e-03
1.419999897480010986e-01 2.193341497331857681e-03
1.392000079154968262e+00 2.265361696481704712e-02
1.402000069618225098e+00 2.268635295331478119e-02
1.346000075340270996e+00 2.160605043172836304e-02
1.396000027656555176e+00 2.242446132004261017e-02
1.310000181198120117e+00 2.108226716518402100e-02
1.284000039100646973e+00 2.078763954341411591e-02
1.401999950408935547e+00 2.278456278145313263e-02
1.607999801635742188e+00 2.612367831170558929e-02
1.813999891281127930e+00 2.943005971610546112e-02
2.035999774932861328e+00 3.303106874227523804e-02
2.206000089645385742e+00 3.574819117784500122e-02
2.375999927520751953e+00 3.856352716684341431e-02
2.552000045776367188e+00 4.131338745355606079e-02
2.824000120162963867e+00 4.579827934503555298e-02
3.150000333786010742e+00 5.103610828518867493e-02
3.556000709533691406e+00 5.738697946071624756e-02
4.154000282287597656e+00 6.684780865907669067e-02
4.707999706268310547e+00 7.578485459089279175e-02
4.742000102996826172e+00 7.735620439052581787e-02
4.547999858856201172e+00 7.440992444753646851e-02
4.280000329017639160e-01 6.776443216949701309e-03
7.799999713897705078e-01 1.139228139072656631e-02
1.175999999046325684e+00 1.554980874061584473e-02
1.529999971389770508e+00 1.915081776678562164e-02
1.772000074386596680e+00 2.131142280995845795e-02
2.055999755859375000e+00 2.291550859808921814e-02
2.339999914169311523e+00 2.523979544639587402e-02
2.702000141143798828e+00 2.877533063292503357e-02
3.082000017166137695e+00 3.296559303998947144e-02
3.887999773025512695e+00 4.052771255373954773e-02
4.717998981475830078e+00 4.808982834219932556e-02
5.527999877929687500e+00 5.522637441754341125e-02
5.847999572753906250e+00 5.676498636603355408e-02
5.961999416351318359e+00 5.735424160957336426e-02
5.789999961853027344e+00 5.627394095063209534e-02
5.231999874114990234e+00 5.110158398747444153e-02
4.717999935150146484e+00 4.714047163724899292e-02
4.575999736785888672e+00 4.694405570626258850e-02
4.785999774932861328e+00 5.182178318500518799e-02
4.917999744415283203e+00 5.542279407382011414e-02
