# FGSM attack with model_dataset(30547 images)
# and validation_images(5359) 20 epsilon in batches of 100 images
# metrics between model_dataset & adv validation dataset
# Model_vali_adv_density Model_vali_adv_coverage
1.238000035285949707e+00 2.013291046023368835e-02
1.256000041961669922e+00 2.000196464359760284e-02
1.437999963760375977e+00 2.278456278145313263e-02
1.549999952316284180e+00 2.429043874144554138e-02
1.708000183105468750e+00 2.609094232320785522e-02
1.762000083923339844e+00 2.628736011683940887e-02
1.835999965667724609e+00 2.798965573310852051e-02
1.687999844551086426e+00 2.723671868443489075e-02
3.067999839782714844e+00 3.993845731019973755e-02
4.361999511718750000e+00 4.229547828435897827e-02
5.222000122070312500e+00 4.501260444521903992e-02
6.019999980926513672e+00 4.939928650856018066e-02
7.154000282287597656e+00 5.722329765558242798e-02
8.835999488830566406e+00 7.015419006347656250e-02
1.036199951171875000e+01 8.089174330234527588e-02
1.294199943542480469e+01 9.932235628366470337e-02
1.500800037384033203e+01 1.107473745942115784e-01
1.713799858093261719e+01 1.183094903826713562e-01
1.872599792480468750e+01 1.255442500114440918e-01
1.952999877929687500e+01 1.303892433643341064e-01
9.219999313354492188e-01 1.509149838238954544e-02
7.660000324249267578e-01 1.253805682063102722e-02
5.199999809265136719e-01 8.511474356055259705e-03
4.720000028610229492e-01 7.627590559422969818e-03
5.719999670982360840e-01 9.198939427733421326e-03
6.620000600814819336e-01 1.070481538772583008e-02
7.520000338554382324e-01 1.214521937072277069e-02
8.580000996589660645e-01 1.388025004416704178e-02
9.119999408721923828e-01 1.469866093248128891e-02
1.088000059127807617e+00 1.735031232237815857e-02
1.283999919891357422e+00 2.036206610500812531e-02
1.341999888420104980e+00 2.114773914217948914e-02
1.466000080108642578e+00 2.314466238021850586e-02
1.489999771118164062e+00 2.383212745189666748e-02
1.367999792098999023e+00 2.203162387013435364e-02
1.145999908447265625e+00 1.862703450024127960e-02
1.096000075340270996e+00 1.771041378378868103e-02
2.003999948501586914e+00 2.425770089030265808e-02
2.527999401092529297e+00 2.690935321152210236e-02
2.964000225067138672e+00 3.021573461592197418e-02
3.819999992847442627e-01 6.252659950405359268e-03
4.299999773502349854e-01 6.972861476242542267e-03
5.180000066757202148e-01 8.413264527916908264e-03
6.200000047683715820e-01 1.008282322436571121e-02
8.000000715255737305e-01 1.299636624753475189e-02
9.039999246597290039e-01 1.469866093248128891e-02
9.939998984336853027e-01 1.613906398415565491e-02
1.148000001907348633e+00 1.865977048873901367e-02
1.905999898910522461e+00 3.100140765309333801e-02
2.387999773025512695e+00 3.895636275410652161e-02
2.728000164031982422e+00 4.439061135053634644e-02
3.075999975204467773e+00 4.995580762624740601e-02
3.635999917984008789e+00 5.886011943221092224e-02
4.113999843597412109e+00 6.684780865907669067e-02
4.400000095367431641e+00 7.175827771425247192e-02
4.757999420166015625e+00 7.781451940536499023e-02
5.543999671936035156e+00 8.956690132617950439e-02
6.591999530792236328e+00 9.473925828933715820e-02
7.761999130249023438e+00 9.451010078191757202e-02
8.623999595642089844e+00 9.585229307413101196e-02
7.599999904632568359e-01 1.243984699249267578e-02
1.829999685287475586e+00 2.992110513150691986e-02
2.272000074386596680e+00 3.715585917234420776e-02
2.486000061035156250e+00 4.059318453073501587e-02
2.662000179290771484e+00 4.337578266859054565e-02
3.058000087738037109e+00 4.989033564925193787e-02
3.611999750137329102e+00 5.886011943221092224e-02
4.064000129699707031e+00 6.625855714082717896e-02
4.622000217437744141e+00 7.545749098062515259e-02
5.007999897003173828e+00 8.177562803030014038e-02
5.157999992370605469e+00 8.416538685560226440e-02
5.373999595642089844e+00 8.763545006513595581e-02
5.429999828338623047e+00 8.848659694194793701e-02
5.201999187469482422e+00 8.491832762956619263e-02
4.487999439239501953e+00 7.346057146787643433e-02
4.190000057220458984e+00 6.845189630985260010e-02
4.861999988555908203e+00 7.696337252855300903e-02
5.529999732971191406e+00 8.118636906147003174e-02
5.553999423980712891e+00 7.663600146770477295e-02
5.627999782562255859e+00 7.215110957622528076e-02
4.860000014305114746e-01 7.856745272874832153e-03
5.860000252723693848e-01 9.166203439235687256e-03
6.400000452995300293e-01 9.755458682775497437e-03
7.760000228881835938e-01 1.158869918435811996e-02
8.980000019073486328e-01 1.319278497248888016e-02
9.940000176429748535e-01 1.401119586080312729e-02
1.111999988555908203e+00 1.554980874061584473e-02
1.315999984741210938e+00 1.915081776678562164e-02
2.895999908447265625e+00 3.398042544722557068e-02
3.671999692916870117e+00 4.121517762541770935e-02
4.579999446868896484e+00 4.419419169425964355e-02
5.496000289916992188e+00 4.953023418784141541e-02
6.806000232696533203e+00 6.003862991929054260e-02
8.289999961853027344e+00 7.238026708364486694e-02
9.932000160217285156e+00 8.393622934818267822e-02
1.150400161743164062e+01 9.352800995111465454e-02
1.275399875640869141e+01 1.032179966568946838e-01
1.336400032043457031e+01 1.114675775170326233e-01
1.367000007629394531e+01 1.170655116438865662e-01
1.434600067138671875e+01 1.315022706985473633e-01
6.160000562667846680e-01 1.005008723586797714e-02
1.070000052452087402e+00 1.505876239389181137e-02
1.728000164031982422e+00 2.160605043172836304e-02
1.764000058174133301e+00 2.396307326853275299e-02
2.280000209808349609e+00 3.064130805432796478e-02
2.299999952316284180e+00 2.969195134937763214e-02
2.323999881744384766e+00 2.815333753824234009e-02
1.822000026702880859e+00 2.357023581862449646e-02
2.535999774932861328e+00 3.604282066226005554e-02
2.859999895095825195e+00 4.147706925868988037e-02
3.335999965667724609e+00 4.700952768325805664e-02
4.681999683380126953e+00 5.758339911699295044e-02
6.423999309539794922e+00 6.923756748437881470e-02
7.773999691009521484e+00 7.879661023616790771e-02
9.024000167846679688e+00 8.779913187026977539e-02
1.204399871826171875e+01 9.781648218631744385e-02
1.378799915313720703e+01 1.063606888055801392e-01
1.525999927520751953e+01 1.136936545372009277e-01
1.669599914550781250e+01 1.206010431051254272e-01
1.806000137329101562e+01 1.300946176052093506e-01
4.339999556541442871e-01 7.005597930401563644e-03
6.119999885559082031e-01 9.951877407729625702e-03
9.660000205039978027e-01 1.564801856875419617e-02
8.879999518394470215e-01 1.433856040239334106e-02
1.074000120162963867e+00 1.721936650574207306e-02
1.118000030517578125e+00 1.790683157742023468e-02
1.339999914169311523e+00 2.131142280995845795e-02
1.231999993324279785e+00 2.003470063209533691e-02
1.689999818801879883e+00 2.723671868443489075e-02
2.389999866485595703e+00 3.807247802615165710e-02
2.736000061035156250e+00 4.353946447372436523e-02
3.250000000000000000e+00 5.070874467492103577e-02
4.099999427795410156e+00 5.951484665274620056e-02
4.940000057220458984e+00 6.907388567924499512e-02
5.548000335693359375e+00 7.725799828767776489e-02
7.069999694824218750e+00 9.087635576725006104e-02
9.041999816894531250e+00 9.991161525249481201e-02
1.079599952697753906e+01 1.079320386052131653e-01
1.159000110626220703e+01 1.106491684913635254e-01
1.246800041198730469e+01 1.178184449672698975e-01
5.239999890327453613e-01 8.544210344552993774e-03
6.280000209808349609e-01 9.886404499411582947e-03
9.380000829696655273e-01 1.479687076061964035e-02
1.212000012397766113e+00 1.911807991564273834e-02
1.597999811172485352e+00 2.501063980162143707e-02
1.971999883651733398e+00 3.073951601982116699e-02
2.267999887466430664e+00 3.568271920084953308e-02
2.410000085830688477e+00 3.803974390029907227e-02
4.116000175476074219e+00 5.313124135136604309e-02
5.177999973297119141e+00 6.124987825751304626e-02
6.171999454498291016e+00 7.051429152488708496e-02
6.769999980926513672e+00 7.902576774358749390e-02
7.468000411987304688e+00 8.851933479309082031e-02
8.687998771667480469e+00 1.009264439344406128e-01
1.096199893951416016e+01 1.132353469729423523e-01
1.393199920654296875e+01 1.211575642228126526e-01
1.581799983978271484e+01 1.267227530479431152e-01
1.707600021362304688e+01 1.318623721599578857e-01
1.909399986267089844e+01 1.464955657720565796e-01
2.107999992370605469e+01 1.598847657442092896e-01
7.560000419616699219e-01 1.234163809567689896e-02
7.599999904632568359e-01 1.077028829604387283e-02
8.899999856948852539e-01 9.559039957821369171e-03
1.338000178337097168e+00 1.070481538772583008e-02
1.979999899864196777e+00 1.345467660576105118e-02
2.509999990463256836e+00 1.672832109034061432e-02
3.003999948501586914e+00 1.839787885546684265e-02
3.665999889373779297e+00 2.140963077545166016e-02
4.341999530792236328e+00 2.579631470143795013e-02
4.789999961853027344e+00 2.779323793947696686e-02
4.644000053405761719e+00 2.798965573310852051e-02
5.267999172210693359e+00 3.080498985946178436e-02
6.782000064849853516e+00 4.448882117867469788e-02
8.113999366760253906e+00 5.237830430269241333e-02
8.389999389648437500e+00 5.601204931735992432e-02
8.637999534606933594e+00 6.059515103697776794e-02
8.673998832702636719e+00 6.553835421800613403e-02
8.026000022888183594e+00 6.989230215549468994e-02
6.786000251770019531e+00 7.195469737052917480e-02
6.765999794006347656e+00 7.440992444753646851e-02
8.400000333786010742e-01 1.319278497248888016e-02
8.120000958442687988e-01 1.204700954258441925e-02
9.940000772476196289e-01 1.348741352558135986e-02
1.524000167846679688e+00 2.049301192164421082e-02
1.744000077247619629e+00 2.121321298182010651e-02
1.876000046730041504e+00 2.196615189313888550e-02
2.003999948501586914e+00 2.471601217985153198e-02
2.101999998092651367e+00 2.769502811133861542e-02
3.972000122070312500e+00 3.869447112083435059e-02
5.809999942779541016e+00 4.347399249672889709e-02
7.753999233245849609e+00 5.260745808482170105e-02
1.002199935913085938e+01 6.210102513432502747e-02
1.196000099182128906e+01 7.025239616632461548e-02
1.391399860382080078e+01 7.666873931884765625e-02
1.566800022125244141e+01 8.285592496395111084e-02
1.743400192260742188e+01 9.048351645469665527e-02
1.925000000000000000e+01 1.028251573443412781e-01
2.055199813842773438e+01 1.120568364858627319e-01
2.170800018310546875e+01 1.251841485500335693e-01
2.207199859619140625e+01 1.372311562299728394e-01
1.843999862670898438e+00 2.988836914300918579e-02
1.685999870300292969e+00 2.730219066143035889e-02
1.118000030517578125e+00 1.803777739405632019e-02
8.760000467300415039e-01 1.381477713584899902e-02
1.100000023841857910e+00 1.754673197865486145e-02
1.232000112533569336e+00 1.875798031687736511e-02
1.396000027656555176e+00 2.190067805349826813e-02
1.396000027656555176e+00 2.222804166376590729e-02
1.445999741554260254e+00 2.288277074694633484e-02
1.551999926567077637e+00 2.425770089030265808e-02
1.689999818801879883e+00 2.556715905666351318e-02
2.740000009536743164e+00 3.984024748206138611e-02
3.673999786376953125e+00 4.939928650856018066e-02
4.455999851226806641e+00 5.748518928885459900e-02
5.065999984741210938e+00 6.226470693945884705e-02
7.197999000549316406e+00 7.061249762773513794e-02
8.982000350952148438e+00 7.666873931884765625e-02
1.028999996185302734e+01 8.229941129684448242e-02
1.114400005340576172e+01 8.495105803012847900e-02
1.199599933624267578e+01 9.310243278741836548e-02
6.280000209808349609e-01 1.024650596082210541e-02
6.579999923706054688e-01 1.031197886914014816e-02
7.419999241828918457e-01 1.152322627604007721e-02
7.879999279975891113e-01 1.191606372594833374e-02
8.379999995231628418e-01 1.204700954258441925e-02
1.051999926567077637e+00 1.528791710734367371e-02
1.194000005722045898e+00 1.767767779529094696e-02
1.145999908447265625e+00 1.790683157742023468e-02
2.345999956130981445e+00 2.870985679328441620e-02
3.109999895095825195e+00 3.113235346972942352e-02
4.196000099182128906e+00 3.525714576244354248e-02
4.973999500274658203e+00 3.964382782578468323e-02
5.884000301361083984e+00 4.524175822734832764e-02
7.288000106811523438e+00 5.571741983294487000e-02
9.451999664306640625e+00 6.927030533552169800e-02
1.148799991607666016e+01 8.092448115348815918e-02
1.311200046539306641e+01 9.418273717164993286e-02
1.430399894714355469e+01 1.078665703535079956e-01
1.554999923706054688e+01 1.215176656842231750e-01
1.647199821472167969e+01 1.334992051124572754e-01
3.040000200271606445e-01 4.975938703864812851e-03
5.260000228881835938e-01 8.609683252871036530e-03
7.939999699592590332e-01 1.273447461426258087e-02
6.540001034736633301e-01 1.008282322436571121e-02
7.899999618530273438e-01 1.175238192081451416e-02
8.020001053810119629e-01 1.188332773745059967e-02
8.640000224113464355e-01 1.289815735071897507e-02
6.599999666213989258e-01 1.031197886914014816e-02
1.218000054359436035e+00 1.911807991564273834e-02
2.267999887466430664e+00 2.730219066143035889e-02
3.787999868392944336e+00 3.319475054740905762e-02
5.072000026702880859e+00 3.898910060524940491e-02
6.194000244140625000e+00 4.543817788362503052e-02
7.532000064849853516e+00 5.516090244054794312e-02
9.394000053405761719e+00 6.583297997713088989e-02
1.204199886322021484e+01 8.082626760005950928e-02
1.442800045013427734e+01 9.297148883342742920e-02
1.631999969482421875e+01 1.057386994361877441e-01
1.758200073242187500e+01 1.189314872026443481e-01
1.842199897766113281e+01 1.318296492099761963e-01
5.299999713897705078e-01 8.642420172691345215e-03
6.439999938011169434e-01 1.044292468577623367e-02
7.779999971389770508e-01 1.263626571744680405e-02
9.820001125335693359e-01 1.597538217902183533e-02
1.204000115394592285e+00 1.934723556041717529e-02
1.279999971389770508e+00 2.049301192164421082e-02
1.407999992370605469e+00 2.199888788163661957e-02
1.633999943733215332e+00 2.497790381312370300e-02
1.813999891281127930e+00 2.746587246656417847e-02
2.169999837875366211e+00 3.303106874227523804e-02
2.667999744415283203e+00 4.223000630736351013e-02
3.327999830245971680e+00 5.126526579260826111e-02
4.255999565124511719e+00 5.994042009115219116e-02
5.670000076293945312e+00 6.910662353038787842e-02
7.361999511718750000e+00 7.647231966257095337e-02
9.029999732971191406e+00 8.387076109647750854e-02
1.097399997711181641e+01 9.414999932050704956e-02
1.295799922943115234e+01 1.018103286623954773e-01
1.444799900054931641e+01 1.074082553386688232e-01
1.594799995422363281e+01 1.157560497522354126e-01
2.760000228881835938e-01 4.517628811299800873e-03
3.080000281333923340e-01 5.041411612182855606e-03
4.440000057220458984e-01 7.267489563673734665e-03
5.460000038146972656e-01 8.937047794461250305e-03
7.080000042915344238e-01 1.158869918435811996e-02
8.120000362396240234e-01 1.329099480062723160e-02
8.299999833106994629e-01 1.352014951407909393e-02
9.940000176429748535e-01 1.620453782379627228e-02
1.485999703407287598e+00 2.429043874144554138e-02
2.019999742507934570e+00 3.306380286812782288e-02
2.307999849319458008e+00 3.771238029003143311e-02
2.698000192642211914e+00 4.393230378627777100e-02
3.210000038146972656e+00 5.224735662341117859e-02
3.727999687194824219e+00 6.079156696796417236e-02
4.047999858856201172e+00 6.619308143854141235e-02
4.325999736785888672e+00 7.074344903230667114e-02
4.555999755859375000e+00 7.444266229867935181e-02
5.375999450683593750e+00 8.112090080976486206e-02
5.524000167846679688e+00 7.817462086677551270e-02
5.722000122070312500e+00 7.774904370307922363e-02
6.600000858306884766e-01 1.077028829604387283e-02
4.839999973773956299e-01 7.889482192695140839e-03
3.820000290870666504e-01 6.154450587928295135e-03
6.460000276565551758e-01 1.031197886914014816e-02
5.839999914169311523e-01 9.329885244369506836e-03
5.860000252723693848e-01 9.329885244369506836e-03
6.060000061988830566e-01 9.722722694277763367e-03
6.120000481605529785e-01 9.657249785959720612e-03
6.080000400543212891e-01 9.886404499411582947e-03
5.320000052452087402e-01 8.413264527916908264e-03
7.959999442100524902e-01 1.188332773745059967e-02
1.013999938964843750e+00 1.525518111884593964e-02
1.220000028610229492e+00 1.807051524519920349e-02
1.445999860763549805e+00 2.091858536005020142e-02
1.963999867439270020e+00 2.906995825469493866e-02
2.171999692916870117e+00 3.362032398581504822e-02
3.039999961853027344e+00 4.003666713833808899e-02
4.841999530792236328e+00 4.353946447372436523e-02
6.195999622344970703e+00 4.802435636520385742e-02
7.415999412536621094e+00 5.414607003331184387e-02
8.440001010894775391e-01 1.309457607567310333e-02
1.384000062942504883e+00 1.450224313884973526e-02
1.932000041007995605e+00 1.640095561742782593e-02
1.419999957084655762e+00 1.518970821052789688e-02
1.527999997138977051e+00 1.532065402716398239e-02
1.527999997138977051e+00 1.597538217902183533e-02
1.709999918937683105e+00 1.646642945706844330e-02
1.606000065803527832e+00 1.905260793864727020e-02
1.797999978065490723e+00 2.039480209350585938e-02
2.753999948501586914e+00 2.641830593347549438e-02
3.338000059127807617e+00 3.080498985946178436e-02
4.500000000000000000e+00 3.695943951606750488e-02
6.259999275207519531e+00 4.560185968875885010e-02
7.901999950408935547e+00 5.578289180994033813e-02
9.812000274658203125e+00 6.606213748455047607e-02
1.445399856567382812e+01 8.184109628200531006e-02
1.792799949645996094e+01 9.362621605396270752e-02
2.126799964904785156e+01 1.069826856255531311e-01
2.398600006103515625e+01 1.230235397815704346e-01
2.643200111389160156e+01 1.373293697834014893e-01
7.419999241828918457e-01 1.188332773745059967e-02
7.779999971389770508e-01 1.257079280912876129e-02
8.180000185966491699e-01 1.260352879762649536e-02
7.960000634193420410e-01 1.185059081763029099e-02
8.319999575614929199e-01 1.194880064576864243e-02
8.899999856948852539e-01 1.168690901249647141e-02
9.179999828338623047e-01 1.178511790931224823e-02
7.980000376701354980e-01 1.054113358259201050e-02
1.092000126838684082e+00 1.407666876912117004e-02
2.995999574661254883e+00 2.402854710817337036e-02
4.067999839782714844e+00 2.897174842655658722e-02
5.369999885559082031e+00 3.578092902898788452e-02
6.851999282836914062e+00 4.471797496080398560e-02
8.885999679565429688e+00 5.715782195329666138e-02
1.096600055694580078e+01 6.976135075092315674e-02
1.381999969482421875e+01 8.046616613864898682e-02
1.663199996948242188e+01 9.113825112581253052e-02
1.854400062561035156e+01 1.021049544215202332e-01
2.011599922180175781e+01 1.145448014140129089e-01
2.167200088500976562e+01 1.302255541086196899e-01
1.036000013351440430e+00 1.623727381229400635e-02
2.133999824523925781e+00 2.517432160675525665e-02
2.013999938964843750e+00 2.478148415684700012e-02
1.406000018119812012e+00 1.928176358342170715e-02
9.200000762939453125e-01 1.404393278062343597e-02
8.980000019073486328e-01 1.335646770894527435e-02
1.017999887466430664e+00 1.518970821052789688e-02
1.185999870300292969e+00 1.797230541706085205e-02
2.073999881744384766e+00 3.211444616317749023e-02
2.839999914169311523e+00 3.984024748206138611e-02
3.699999809265136719e+00 4.556912556290626526e-02
5.447999000549316406e+00 5.313124135136604309e-02
6.999999046325683594e+00 6.321406364440917969e-02
8.730000495910644531e+00 7.493370771408081055e-02
1.114400005340576172e+01 8.639146387577056885e-02
1.349199962615966797e+01 9.653975814580917358e-02
1.593600082397460938e+01 1.072773113846778870e-01
1.825199890136718750e+01 1.182112842798233032e-01
2.022999954223632812e+01 1.267227530479431152e-01
2.189200210571289062e+01 1.391298621892929077e-01
4.460000097751617432e-01 7.300226017832756042e-03
9.259999394416809082e-01 1.302910316735506058e-02
1.350000023841857910e+00 1.813598722219467163e-02
1.756000041961669922e+00 2.170426025986671448e-02
2.134000062942504883e+00 2.311192639172077179e-02
2.401999950408935547e+00 2.514158561825752258e-02
2.821999788284301758e+00 2.759681828320026398e-02
3.312000036239624023e+00 3.136150911450386047e-02
4.123999595642089844e+00 3.944740816950798035e-02
4.687999725341796875e+00 4.586375132203102112e-02
5.337999820709228516e+00 5.450617149472236633e-02
6.440000057220458984e+00 6.334500759840011597e-02
7.556000232696533203e+00 7.247848063707351685e-02
8.578000068664550781e+00 8.203751593828201294e-02
9.248000144958496094e+00 9.234949946403503418e-02
1.096399879455566406e+01 1.084558218717575073e-01
1.249599838256835938e+01 1.182112842798233032e-01
1.292399883270263672e+01 1.242020502686500549e-01
1.224800014495849609e+01 1.257406622171401978e-01
1.256199932098388672e+01 1.285232603549957275e-01
1.523999929428100586e+00 2.438864670693874359e-02
1.272000074386596680e+00 2.026385627686977386e-02
9.620000123977661133e-01 1.505876239389181137e-02
8.840000629425048828e-01 1.404393278062343597e-02
8.300000429153442383e-01 1.325825788080692291e-02
8.080000281333923340e-01 1.299636624753475189e-02
9.139999151229858398e-01 1.469866093248128891e-02
1.065999984741210938e+00 1.721936650574207306e-02
1.269999980926513672e+00 2.049301192164421082e-02
1.449999809265136719e+00 2.340655401349067688e-02
1.723999857902526855e+00 2.798965573310852051e-02
2.279999971389770508e+00 3.722133114933967590e-02
2.965999603271484375e+00 4.841719567775726318e-02
4.305999755859375000e+00 6.072609499096870422e-02
5.559999942779541016e+00 6.828821450471878052e-02
6.707999706268310547e+00 7.323141396045684814e-02
7.675999641418457031e+00 7.853472232818603516e-02
8.493999481201171875e+00 8.373980969190597534e-02
8.991999626159667969e+00 8.704619109630584717e-02
9.691999435424804688e+00 9.526304155588150024e-02
2.700000107288360596e-01 4.419419448822736740e-03
3.059999942779541016e-01 4.583101719617843628e-03
3.780000209808349609e-01 5.270566791296005249e-03
5.540000200271606445e-01 6.841915659606456757e-03
8.379999995231628418e-01 1.001735031604766846e-02
1.041999936103820801e+00 1.178511790931224823e-02
1.191999912261962891e+00 1.309457607567310333e-02
1.394000053405761719e+00 1.509149838238954544e-02
1.693999767303466797e+00 1.810325123369693756e-02
1.927999854087829590e+00 2.078763954341411591e-02
1.879999995231628418e+00 2.075490355491638184e-02
2.037999868392944336e+00 2.209709584712982178e-02
2.373999834060668945e+00 2.579631470143795013e-02
2.720000028610229492e+00 2.805512957274913788e-02
2.919999837875366211e+00 3.047762438654899597e-02
3.141999959945678711e+00 3.528988361358642578e-02
3.681999683380126953e+00 4.056045040488243103e-02
3.885999441146850586e+00 4.331031069159507751e-02
3.438000202178955078e+00 4.042950272560119629e-02
3.433999776840209961e+00 4.006940126419067383e-02
2.080000042915344238e-01 3.371853381395339966e-03
2.939999997615814209e-01 4.812256433069705963e-03
5.139999985694885254e-01 8.315055631101131439e-03
8.499999642372131348e-01 1.371656823903322220e-02
1.238000035285949707e+00 1.915081776678562164e-02
1.639999985694885254e+00 2.445412054657936096e-02
1.839999914169311523e+00 2.677840739488601685e-02
1.853999853134155273e+00 2.690935321152210236e-02
1.953999996185302734e+00 2.798965573310852051e-02
2.545999765396118164e+00 3.676301985979080200e-02
3.079999923706054688e+00 4.357220232486724854e-02
3.720000028610229492e+00 5.021769925951957703e-02
4.574000358581542969e+00 5.807444453239440918e-02
5.444000244140625000e+00 6.648770719766616821e-02
6.610000610351562500e+00 7.909123599529266357e-02
8.047999382019042969e+00 8.766818791627883911e-02
9.913999557495117188e+00 9.621239453554153442e-02
1.213800048828125000e+01 1.017121151089668274e-01
1.353799819946289062e+01 1.058041751384735107e-01
1.518199920654296875e+01 1.107146367430686951e-01
1.157999992370605469e+00 1.895439811050891876e-02
1.462000131607055664e+00 2.386486530303955078e-02
1.248000025749206543e+00 2.026385627686977386e-02
1.029999971389770508e+00 1.627000980079174042e-02
1.082000017166137695e+00 1.695747487246990204e-02
1.136000037193298340e+00 1.764494180679321289e-02
1.174000024795532227e+00 1.882345229387283325e-02
1.309999942779541016e+00 2.131142280995845795e-02
1.503999948501586914e+00 2.406128309667110443e-02
1.733999848365783691e+00 2.736766263842582703e-02
1.795999884605407715e+00 2.818607538938522339e-02
2.027999877929687500e+00 3.126329928636550903e-02
2.192000150680541992e+00 3.299833089113235474e-02
2.277999877929687500e+00 3.417684137821197510e-02
2.276000022888183594e+00 3.591187298297882080e-02
3.533999919891357422e+00 4.272105544805526733e-02
4.565999507904052734e+00 4.491439461708068848e-02
5.819999694824218750e+00 4.491439461708068848e-02
6.458000183105468750e+00 4.370314627885818481e-02
7.498000144958496094e+00 4.772973060607910156e-02
7.360000610351562500e-01 1.194880064576864243e-02
8.720000386238098145e-01 1.417487859725952148e-02
1.121999979019165039e+00 1.813598722219467163e-02
1.297999978065490723e+00 2.104953117668628693e-02
1.259999990463256836e+00 2.032932825386524200e-02
1.162000060081481934e+00 1.875798031687736511e-02
1.081999897956848145e+00 1.748125813901424408e-02
1.000000000000000000e+00 1.620453782379627228e-02
9.440000057220458984e-01 1.538612693548202515e-02
8.960000276565551758e-01 1.463318895548582077e-02
1.067999958992004395e+00 1.741578616201877594e-02
1.405999898910522461e+00 2.291550859808921814e-02
1.653999924659729004e+00 2.697482705116271973e-02
1.846000075340270996e+00 3.018299676477909088e-02
2.058000087738037109e+00 3.365305811166763306e-02
2.278000116348266602e+00 3.722133114933967590e-02
2.447999954223632812e+00 4.000392928719520569e-02
2.378000020980834961e+00 3.889089077711105347e-02
2.267999887466430664e+00 3.709038719534873962e-02
2.096000194549560547e+00 3.427505120635032654e-02
1.361999988555908203e+00 2.229351550340652466e-02
1.587999939918518066e+00 2.586178667843341827e-02
1.687999844551086426e+00 2.740040048956871033e-02
1.751999735832214355e+00 2.828428335487842560e-02
1.809999823570251465e+00 2.916816808283329010e-02
1.567999839782714844e+00 2.523979544639587402e-02
1.292000055313110352e+00 2.088584937155246735e-02
1.317999839782714844e+00 2.137689478695392609e-02
2.044000148773193359e+00 3.335843235254287720e-02
2.417999982833862305e+00 3.944740816950798035e-02
2.633999824523925781e+00 4.301568120718002319e-02
2.875999927520751953e+00 4.704226553440093994e-02
3.335999965667724609e+00 5.450617149472236633e-02
4.493999958038330078e+00 6.963040679693222046e-02
5.305999755859375000e+00 8.046616613864898682e-02
5.986000061035156250e+00 8.986152708530426025e-02
6.339999675750732422e+00 9.732543677091598511e-02
6.526000022888183594e+00 1.037745103240013123e-01
6.537999629974365234e+00 1.049857586622238159e-01
6.521999835968017578e+00 1.060005947947502136e-01
6.900000572204589844e-01 1.129407156258821487e-02
1.008000016212463379e+00 1.649916544556617737e-02
1.210000038146972656e+00 1.970733702182769775e-02
1.535999894142150879e+00 2.468327619135379791e-02
1.919999957084655762e+00 3.031394258141517639e-02
2.349999904632568359e+00 3.718859702348709106e-02
2.763999938964843750e+00 4.403050988912582397e-02
3.258000135421752930e+00 5.273840576410293579e-02
4.463999748229980469e+00 6.979408860206604004e-02
5.607999801635742188e+00 8.157920837402343750e-02
6.953999996185302734e+00 9.045078605413436890e-02
8.607998847961425781e+00 1.027269437909126282e-01
1.018400001525878906e+01 1.152650043368339539e-01
1.169199943542480469e+01 1.288506239652633667e-01
1.285600090026855469e+01 1.337283551692962646e-01
1.375600051879882812e+01 1.320915371179580688e-01
1.495399951934814453e+01 1.357252746820449829e-01
1.647999954223632812e+01 1.461682021617889404e-01
1.761999893188476562e+01 1.599175035953521729e-01
1.846199989318847656e+01 1.736668050289154053e-01
1.157999992370605469e+00 1.420761458575725555e-02
1.154000043869018555e+00 1.352014951407909393e-02
1.692000031471252441e+00 1.892166212201118469e-02
2.076000213623046875e+00 2.046027407050132751e-02
2.414000034332275391e+00 1.980554684996604919e-02
2.303999900817871094e+00 1.676105707883834839e-02
2.802000045776367188e+00 2.000196464359760284e-02
3.339999914169311523e+00 2.343929000198841095e-02
4.693999290466308594e+00 3.695943951606750488e-02
6.319999694824218750e+00 4.327757284045219421e-02
7.937999248504638672e+00 4.874455928802490234e-02
9.793999671936035156e+00 5.745245143771171570e-02
1.161599922180175781e+01 6.792811304330825806e-02
1.499599933624267578e+01 8.262677490711212158e-02
1.693599891662597656e+01 9.215307980775833130e-02
1.877199935913085938e+01 1.015157029032707214e-01
2.116799926757812500e+01 1.134317666292190552e-01
2.289399909973144531e+01 1.261662393808364868e-01
2.292199897766113281e+01 1.349068731069564819e-01
2.379999923706054688e+01 1.444004327058792114e-01
2.793999671936035156e+00 4.494713246822357178e-02
3.215999603271484375e+00 4.740236327052116394e-02
3.272000074386596680e+00 4.416145756840705872e-02
2.541999816894531250e+00 3.594461083412170410e-02
1.792000055313110352e+00 2.753134630620479584e-02
1.822000026702880859e+00 2.854617498815059662e-02
1.882000088691711426e+00 2.959374152123928070e-02
1.679999947547912598e+00 2.687661722302436829e-02
2.371999979019165039e+00 3.447147086262702942e-02
3.319999217987060547e+00 3.925099223852157593e-02
3.822000026702880859e+00 4.295020923018455505e-02
4.395999431610107422e+00 4.779520258307456970e-02
5.156000137329101562e+00 5.601204931735992432e-02
6.283999919891357422e+00 6.655318289995193481e-02
7.589999675750732422e+00 7.787998765707015991e-02
8.711998939514160156e+00 8.786460757255554199e-02
9.682000160217285156e+00 9.712901711463928223e-02
9.996000289916992188e+00 1.038399860262870789e-01
1.009599971771240234e+01 1.074082553386688232e-01
1.023799991607666016e+01 1.115985214710235596e-01
1.740000009536743164e+00 2.834975719451904297e-02
2.085999965667724609e+00 3.332569450139999390e-02
2.868000030517578125e+00 4.501260444521903992e-02
3.165999650955200195e+00 4.799162223935127258e-02
3.039999961853027344e+00 4.504534229636192322e-02
2.236000061035156250e+00 3.211444616317749023e-02
2.037999868392944336e+00 2.900448627769947052e-02
1.767999887466430664e+00 2.481422200798988342e-02
3.322000026702880859e+00 3.643565624952316284e-02
4.801999568939208984e+00 4.223000630736351013e-02
5.717999935150146484e+00 4.596196115016937256e-02
6.703999996185302734e+00 5.345860496163368225e-02
7.975999355316162109e+00 6.341048330068588257e-02
1.097199916839599609e+01 8.098994940519332886e-02
1.476999950408935547e+01 9.172750264406204224e-02
1.836199951171875000e+01 1.022358983755111694e-01
2.097599983215332031e+01 1.132353469729423523e-01
2.282599830627441406e+01 1.230890154838562012e-01
2.483599853515625000e+01 1.303892433643341064e-01
2.684000015258789062e+01 1.388352364301681519e-01
1.705999851226806641e+00 2.769502811133861542e-02
1.777999877929687500e+00 2.893901243805885315e-02
1.639999866485595703e+00 2.654925175011157990e-02
1.224000096321105957e+00 1.980554684996604919e-02
1.104000091552734375e+00 1.780862361192703247e-02
1.002000093460083008e+00 1.617180183529853821e-02
1.069999933242797852e+00 1.735031232237815857e-02
1.062000155448913574e+00 1.728484034538269043e-02
1.275999903678894043e+00 2.072216570377349854e-02
1.427999854087829590e+00 2.321013621985912323e-02
1.439999938011169434e+00 2.343929000198841095e-02
1.513999938964843750e+00 2.465053834021091461e-02
1.767999887466430664e+00 2.880806662142276764e-02
1.947999835014343262e+00 3.178708255290985107e-02
1.957999825477600098e+00 3.198350220918655396e-02
2.459999561309814453e+00 4.020034894347190857e-02
2.633999824523925781e+00 4.304841905832290649e-02
2.679999828338623047e+00 4.383409395813941956e-02
2.371999979019165039e+00 3.882541880011558533e-02
2.629999876022338867e+00 4.304841905832290649e-02
1.039999842643737793e+00 1.702294871211051941e-02
1.386000037193298340e+00 2.124594897031784058e-02
1.587999820709228516e+00 2.275182493031024933e-02
1.909999966621398926e+00 2.357023581862449646e-02
2.238000154495239258e+00 2.376665547490119934e-02
2.328000068664550781e+00 2.068942971527576447e-02
2.619999885559082031e+00 2.229351550340652466e-02
3.201999664306640625e+00 2.697482705116271973e-02
4.509999752044677734e+00 4.069139435887336731e-02
5.622000217437744141e+00 4.756604507565498352e-02
6.797999858856201172e+00 5.218188464641571045e-02
7.927999496459960938e+00 5.777981504797935486e-02
9.573999404907226562e+00 6.828821450471878052e-02
1.241399860382080078e+01 8.187383413314819336e-02
1.415999984741210938e+01 9.067993611097335815e-02
1.546000003814697266e+01 1.007627621293067932e-01
1.644199943542480469e+01 1.106818988919258118e-01
1.691600036621093750e+01 1.224670186638832092e-01
1.644000053405761719e+01 1.314040720462799072e-01
1.663999938964843750e+01 1.400464922189712524e-01
9.820000529289245605e-01 1.600811816751956940e-02
1.657999992370605469e+00 2.700756303966045380e-02
2.109999895095825195e+00 3.378400579094886780e-02
2.385999917984008789e+00 3.637018427252769470e-02
2.205999851226806641e+00 3.181982040405273438e-02
1.805999994277954102e+00 2.448685653507709503e-02
1.719999909400939941e+00 2.235898748040199280e-02
1.846000075340270996e+00 2.340655401349067688e-02
2.063999891281127930e+00 2.566536888480186462e-02
2.083999872207641602e+00 2.592726051807403564e-02
1.961999893188476562e+00 2.451959252357482910e-02
2.563999652862548828e+00 3.309654071927070618e-02
3.361999750137329102e+00 4.340852051973342896e-02
4.123999595642089844e+00 5.126526579260826111e-02
4.556000232696533203e+00 5.525910854339599609e-02
4.995999813079833984e+00 5.882738158106803894e-02
5.553999900817871094e+00 6.380332261323928833e-02
5.779999732971191406e+00 6.756801158189773560e-02
5.675999641418457031e+00 6.874652206897735596e-02
5.888000488281250000e+00 7.365699112415313721e-02
1.167999982833862305e+00 1.885619014501571655e-02
1.216000080108642578e+00 1.908534392714500427e-02
1.664000034332275391e+00 2.507611364126205444e-02
2.212000131607055664e+00 3.217992186546325684e-02
2.800000190734863281e+00 3.875994309782981873e-02
3.492000102996826172e+00 4.655121639370918274e-02
4.241999626159667969e+00 5.630667507648468018e-02
5.035999774932861328e+00 6.704422831535339355e-02
6.387999534606933594e+00 8.527842164039611816e-02
7.133999347686767578e+00 9.447736293077468872e-02
7.753999233245849609e+00 1.009264439344406128e-01
8.901999473571777344e+00 1.051821783185005188e-01
1.095599937438964844e+01 1.146430149674415588e-01
1.246800041198730469e+01 1.196189522743225098e-01
1.334999942779541016e+01 1.198808401823043823e-01
1.386999988555908203e+01 1.175565570592880249e-01
1.455800056457519531e+01 1.190624311566352844e-01
1.549599933624267578e+01 1.297017782926559448e-01
1.579600048065185547e+01 1.414214223623275757e-01
1.603199958801269531e+01 1.464628279209136963e-01
1.327999830245971680e+00 2.154057659208774567e-02
1.195999979972839355e+00 1.937997154891490936e-02
1.206000089645385742e+00 1.879071630537509918e-02
1.805999994277954102e+00 2.756408229470252991e-02
2.338000059127807617e+00 3.365305811166763306e-02
2.823999881744384766e+00 3.951288387179374695e-02
3.288000106811523438e+00 4.537270590662956238e-02
3.867999792098999023e+00 5.375323444604873657e-02
4.960000038146972656e+00 6.907388567924499512e-02
5.713999271392822266e+00 8.036796003580093384e-02
6.429999828338623047e+00 9.097456932067871094e-02
7.064000129699707031e+00 1.026614755392074585e-01
8.274000167846679688e+00 1.149703785777091980e-01
1.038799858093261719e+01 1.291452497243881226e-01
1.181599807739257812e+01 1.325498372316360474e-01
1.249200057983398438e+01 1.335974037647247314e-01
1.234799861907958984e+01 1.292107254266738892e-01
1.214599990844726562e+01 1.285232603549957275e-01
1.318400001525878906e+01 1.393590271472930908e-01
1.480599975585937500e+01 1.552689373493194580e-01
1.602000117301940918e+00 2.599273249506950378e-02
1.342000126838684082e+00 2.173699624836444855e-02
1.037999987602233887e+00 1.659737527370452881e-02
1.268000006675720215e+00 2.032932825386524200e-02
1.305999994277954102e+00 2.068942971527576447e-02
1.406000018119812012e+00 2.203162387013435364e-02
1.547999858856201172e+00 2.442138455808162689e-02
1.627999782562255859e+00 2.602547034621238708e-02
2.497999906539916992e+00 3.931646421551704407e-02
3.111999750137329102e+00 4.337578266859054565e-02
3.811999797821044922e+00 4.789341241121292114e-02
4.476000308990478516e+00 5.362228676676750183e-02
5.664000034332275391e+00 6.435984373092651367e-02
7.211999416351318359e+00 7.840377092361450195e-02
8.894000053405761719e+00 8.907584846019744873e-02
1.144199943542480469e+01 1.014174893498420715e-01
1.356199932098388672e+01 1.125806123018264771e-01
1.548199939727783203e+01 1.222051307559013367e-01
1.760599899291992188e+01 1.315350085496902466e-01
1.946599769592285156e+01 1.403411179780960083e-01
9.739999175071716309e-01 1.587717235088348389e-02
1.699999928474426270e+00 2.749860845506191254e-02
1.553999900817871094e+00 2.501063980162143707e-02
1.108000040054321289e+00 1.751399599015712738e-02
7.460000514984130859e-01 1.122859865427017212e-02
7.440000176429748535e-01 1.083576120436191559e-02
7.939999699592590332e-01 1.207974646240472794e-02
7.680000066757202148e-01 1.221069227904081345e-02
1.611999750137329102e+00 2.245719730854034424e-02
2.613999843597412109e+00 2.848070301115512848e-02
3.323999881744384766e+00 3.450420871376991272e-02
4.029999732971191406e+00 4.033129289746284485e-02
5.293999671936035156e+00 5.021769925951957703e-02
6.532000064849853516e+00 5.990768596529960632e-02
7.992000579833984375e+00 7.149638235569000244e-02
9.781999588012695312e+00 8.540937304496765137e-02
1.115999984741210938e+01 9.559040516614913940e-02
1.211600112915039062e+01 1.055422797799110413e-01
1.284199905395507812e+01 1.156905740499496460e-01
1.336600112915039062e+01 1.251186728477478027e-01
2.686000108718872070e+00 4.396503791213035583e-02
2.033999919891357422e+00 3.326022252440452576e-02
1.487999796867370605e+00 2.429043874144554138e-02
1.459999918937683105e+00 2.383212745189666748e-02
1.360000014305114746e+00 2.216256968677043915e-02
1.365999937057495117e+00 2.222804166376590729e-02
1.494000077247619629e+00 2.435591071844100952e-02
1.538000106811523438e+00 2.494516782462596893e-02
1.518000125885009766e+00 2.455233037471771240e-02
1.251999974250793457e+00 2.029659226536750793e-02
9.619999527931213379e-01 1.564801856875419617e-02
7.559999823570251465e-01 1.230890117585659027e-02
8.160000443458557129e-01 1.325825788080692291e-02
1.345999836921691895e+00 1.960912719368934631e-02
2.072000026702880859e+00 2.399581111967563629e-02
2.557999849319458008e+00 2.782597392797470093e-02
3.008000135421752930e+00 3.195076435804367065e-02
3.564000129699707031e+00 3.794153407216072083e-02
4.251999855041503906e+00 4.511081427335739136e-02
4.809999942779541016e+00 5.191999301314353943e-02
8.960001468658447266e-01 1.460045203566551208e-02
1.055999994277954102e+00 1.715389452874660492e-02
1.557999968528747559e+00 2.458506636321544647e-02
1.643999934196472168e+00 2.451959252357482910e-02
1.827999949455261230e+00 2.586178667843341827e-02
1.532000064849853516e+00 1.977280899882316589e-02
1.711999773979187012e+00 2.206435985863208771e-02
2.023999929428100586e+00 2.586178667843341827e-02
1.913999915122985840e+00 2.304645255208015442e-02
2.131999969482421875e+00 2.573084086179733276e-02
3.045999765396118164e+00 3.692670539021492004e-02
3.965999603271484375e+00 4.533996805548667908e-02
4.839999675750732422e+00 5.329492315649986267e-02
6.357999324798583984e+00 6.602939963340759277e-02
7.385999679565429688e+00 7.234752923250198364e-02
9.075999259948730469e+00 7.791272550821304321e-02
9.889999389648437500e+00 8.423086255788803101e-02
1.079399967193603516e+01 9.045078605413436890e-02
1.114400005340576172e+01 9.447736293077468872e-02
1.210600090026855469e+01 1.027596816420555115e-01
6.900001168251037598e-01 1.122859865427017212e-02
9.400000572204589844e-01 1.528791710734367371e-02
1.039999961853027344e+00 1.659737527370452881e-02
1.151999950408935547e+00 1.839787885546684265e-02
1.140000104904174805e+00 1.784135960042476654e-02
1.194000005722045898e+00 1.856156066060066223e-02
1.195999979972839355e+00 1.901987195014953613e-02
1.281999945640563965e+00 2.039480209350585938e-02
2.255999803543090820e+00 3.339117020368576050e-02
3.234000205993652344e+00 3.898910060524940491e-02
3.913999557495117188e+00 4.422692954540252686e-02
4.533999919891357422e+00 5.057780072093009949e-02
5.302000045776367188e+00 5.935116484761238098e-02
7.145999431610107422e+00 7.588306814432144165e-02
8.880000114440917969e+00 8.812649548053741455e-02
1.083399868011474609e+01 9.739090502262115479e-02
1.233599853515625000e+01 1.092087626457214355e-01
1.421600055694580078e+01 1.181130707263946533e-01
1.547799873352050781e+01 1.236455291509628296e-01
1.672599983215332031e+01 1.309457570314407349e-01
8.260000348091125488e-01 1.348741352558135986e-02
8.740000724792480469e-01 1.414214167743921280e-02
8.560000658035278320e-01 1.352014951407909393e-02
7.779999971389770508e-01 1.204700954258441925e-02
8.220000267028808594e-01 1.253805682063102722e-02
9.520000815391540527e-01 1.407666876912117004e-02
1.032000064849853516e+00 1.577896438539028168e-02
1.120000004768371582e+00 1.790683157742023468e-02
1.995999693870544434e+00 3.165613859891891479e-02
2.962000131607055664e+00 3.817068785429000854e-02
4.109999656677246094e+00 4.239368811249732971e-02
5.035999774932861328e+00 4.812256619334220886e-02
6.075999736785888672e+00 5.679772421717643738e-02
7.381999969482421875e+00 6.855010241270065308e-02
9.104000091552734375e+00 8.066258579492568970e-02
1.085999965667724609e+01 9.320064634084701538e-02
1.218600082397460938e+01 1.042655631899833679e-01
1.321600055694580078e+01 1.157560497522354126e-01
1.373199939727783203e+01 1.247258335351943970e-01
1.404200172424316406e+01 1.341211944818496704e-01
6.180000305175781250e-01 1.005008723586797714e-02
7.360000610351562500e-01 1.201427355408668518e-02
8.460000157356262207e-01 1.374930422753095627e-02
9.460000395774841309e-01 1.525518111884593964e-02
9.580000042915344238e-01 1.545159984380006790e-02
1.042000055313110352e+00 1.685926690697669983e-02
1.118000030517578125e+00 1.787409558892250061e-02
1.195999860763549805e+00 1.915081776678562164e-02
1.366000056266784668e+00 2.160605043172836304e-02
1.599999904632568359e+00 2.497790381312370300e-02
1.941999793052673340e+00 3.070678003132343292e-02
2.387999773025512695e+00 3.895636275410652161e-02
3.421999692916870117e+00 4.956296831369400024e-02
4.460000038146972656e+00 5.931842699646949768e-02
5.815999507904052734e+00 6.308311969041824341e-02
7.037999153137207031e+00 6.900841742753982544e-02
8.013999938964843750e+00 7.477002590894699097e-02
9.165999412536621094e+00 8.115363121032714844e-02
1.019399833679199219e+01 8.720987290143966675e-02
1.146999931335449219e+01 9.585229307413101196e-02
6.119999289512634277e-01 1.001735031604766846e-02
1.537999987602233887e+00 2.510884962975978851e-02
2.009999990463256836e+00 3.280191123485565186e-02
2.504000186920166016e+00 4.088781401515007019e-02
2.759999990463256836e+00 4.511081427335739136e-02
3.125999927520751953e+00 5.106884613633155823e-02
3.734000205993652344e+00 6.072609499096870422e-02
4.380000114440917969e+00 7.090713083744049072e-02
5.191999912261962891e+00 8.383802324533462524e-02
6.064000129699707031e+00 9.735817462205886841e-02
6.545999526977539062e+00 1.048548147082328796e-01
7.023999691009521484e+00 1.134644970297813416e-01
7.271999835968017578e+00 1.177529767155647278e-01
8.343999862670898438e+00 1.247585713863372803e-01
9.438000679016113281e+00 1.238746866583824158e-01
1.010400009155273438e+01 1.214849278330802917e-01
1.188399887084960938e+01 1.330408900976181030e-01
1.380199909210205078e+01 1.431891918182373047e-01
1.470599937438964844e+01 1.400464922189712524e-01
1.543399906158447266e+01 1.334009915590286255e-01
1.383999943733215332e+00 2.252267114818096161e-02
1.333999872207641602e+00 2.114773914217948914e-02
1.384000062942504883e+00 2.124594897031784058e-02
1.192000150680541992e+00 1.669558510184288025e-02
1.399999976158142090e+00 1.839787885546684265e-02
1.535999894142150879e+00 1.924902573227882385e-02
1.841999888420104980e+00 2.262087911367416382e-02
1.919999957084655762e+00 2.258814312517642975e-02
2.789999246597290039e+00 3.499525412917137146e-02
3.251999855041503906e+00 4.183717072010040283e-02
3.615999937057495117e+00 4.772973060607910156e-02
4.176000118255615234e+00 5.440796166658401489e-02
4.961999893188476562e+00 6.393426656723022461e-02
5.694000244140625000e+00 7.264216244220733643e-02
6.025999546051025391e+00 7.876387238502502441e-02
6.995999813079833984e+00 9.496840834617614746e-02
8.026000022888183594e+00 1.031852588057518005e-01
8.623999595642089844e+00 1.064916402101516724e-01
8.637999534606933594e+00 1.043965071439743042e-01
9.244000434875488281e+00 1.069826856255531311e-01
1.468000173568725586e+00 2.334108203649520874e-02
1.841999769210815430e+00 2.684388123452663422e-02
1.675999999046325684e+00 2.471601217985153198e-02
1.148000121116638184e+00 1.666284725069999695e-02
1.173999905586242676e+00 1.541886292397975922e-02
1.330000162124633789e+00 1.554980874061584473e-02
1.512000083923339844e+00 1.666284725069999695e-02
1.746000051498413086e+00 1.905260793864727020e-02
1.982000112533569336e+00 2.104953117668628693e-02
2.088000059127807617e+00 2.242446132004261017e-02
2.079999923706054688e+00 2.314466238021850586e-02
2.291999816894531250e+00 2.402854710817337036e-02
2.707999706268310547e+00 2.730219066143035889e-02
3.063999652862548828e+00 2.956100553274154663e-02
3.292000055313110352e+00 3.106688149273395538e-02
3.795999765396118164e+00 3.820342570543289185e-02
4.507999420166015625e+00 4.245916381478309631e-02
4.851999759674072266e+00 4.298294335603713989e-02
4.671999931335449219e+00 4.092054814100265503e-02
5.041999816894531250e+00 4.360493645071983337e-02
3.167999744415283203e+00 5.064327269792556763e-02
2.223999977111816406e+00 3.555177524685859680e-02
1.750000000000000000e+00 2.753134630620479584e-02
1.564000010490417480e+00 2.396307326853275299e-02
2.141999959945678711e+00 3.273643925786018372e-02
2.472000122070312500e+00 3.695943951606750488e-02
2.390000343322753906e+00 3.486430644989013672e-02
1.762000083923339844e+00 2.556715905666351318e-02
2.611999750137329102e+00 2.890627644956111908e-02
3.627999782562255859e+00 3.378400579094886780e-02
5.139999866485595703e+00 3.820342570543289185e-02
6.697999000549316406e+00 4.164075106382369995e-02
8.074000358581542969e+00 4.642027243971824646e-02
9.630000114440917969e+00 5.414607003331184387e-02
1.125399875640869141e+01 6.252659857273101807e-02
1.307600021362304688e+01 7.228206098079681396e-02
1.432800006866455078e+01 8.334697782993316650e-02
1.529199886322021484e+01 9.434641897678375244e-02
1.562199878692626953e+01 1.034471467137336731e-01
1.525600051879882812e+01 1.067207902669906616e-01
4.859999716281890869e-01 7.922218181192874908e-03
6.140000224113464355e-01 1.001735031604766846e-02
6.760000586509704590e-01 1.067207939922809601e-02
9.800000786781311035e-01 1.522244419902563095e-02
1.111999988555908203e+00 1.636821962893009186e-02
1.248000025749206543e+00 1.820146106183528900e-02
1.373999953269958496e+00 2.026385627686977386e-02
1.480000138282775879e+00 2.222804166376590729e-02
1.860000014305114746e+00 2.854617498815059662e-02
2.981999397277832031e+00 3.843257948756217957e-02
3.740000009536743164e+00 4.484892264008522034e-02
4.769999980926513672e+00 5.280387774109840393e-02
6.129999637603759766e+00 6.219923496246337891e-02
7.569999694824218750e+00 7.365699112415313721e-02
8.605999946594238281e+00 8.151373267173767090e-02
9.420000076293945312e+00 8.838838338851928711e-02
1.031799888610839844e+01 1.000098213553428650e-01
1.122199916839599609e+01 1.108455881476402283e-01
1.199399852752685547e+01 1.158215254545211792e-01
1.246399974822998047e+01 1.243329942226409912e-01
1.177999854087829590e+00 1.918355375528335571e-02
1.317999958992004395e+00 2.147510461509227753e-02
1.421999931335449219e+00 2.321013621985912323e-02
1.485999822616577148e+00 2.419222891330718994e-02
1.631999731063842773e+00 2.651651576161384583e-02
1.791999936103820801e+00 2.906995825469493866e-02
2.041999816894531250e+00 3.322748467326164246e-02
2.197999715805053711e+00 3.578092902898788452e-02
2.268000125885009766e+00 3.695943951606750488e-02
2.115999937057495117e+00 3.453694283962249756e-02
1.870000004768371582e+00 3.047762438654899597e-02
1.659999966621398926e+00 2.704029902815818787e-02
1.399999856948852539e+00 2.275182493031024933e-02
1.081999897956848145e+00 1.761220395565032959e-02
8.939999341964721680e-01 1.453497912734746933e-02
9.300000667572021484e-01 1.515697129070758820e-02
1.070000052452087402e+00 1.744852215051651001e-02
1.275999903678894043e+00 2.085311152040958405e-02
1.481999993324279785e+00 2.422496490180492401e-02
1.507999897003173828e+00 2.465053834021091461e-02
4.120000004768371582e-01 6.743706762790679932e-03
5.099999904632568359e-01 8.315055631101131439e-03
6.299999952316284180e-01 9.919141419231891632e-03
8.020000457763671875e-01 1.227616518735885620e-02
1.149999976158142090e+00 1.682652905583381653e-02
1.401999950408935547e+00 1.954365521669387817e-02
1.671999931335449219e+00 2.406128309667110443e-02
1.866000056266784668e+00 2.697482705116271973e-02
2.696000099182128906e+00 3.735227882862091064e-02
3.675999641418457031e+00 4.409598559141159058e-02
4.409999847412109375e+00 4.851540178060531616e-02
5.674000263214111328e+00 5.414607003331184387e-02
6.811999320983886719e+00 6.255933642387390137e-02
8.683999061584472656e+00 7.359151542186737061e-02
1.018999958038330078e+01 8.380528539419174194e-02
1.170199966430664062e+01 9.159655869007110596e-02
1.341400146484375000e+01 1.035780981183052063e-01
1.427599811553955078e+01 1.138573363423347473e-01
1.492400074005126953e+01 1.208956688642501831e-01
1.536999988555908203e+01 1.296363025903701782e-01
7.879999876022338867e-01 1.283268444240093231e-02
7.520000338554382324e-01 1.211248245090246201e-02
7.540000081062316895e-01 1.099944394081830978e-02
1.057999968528747559e+00 1.404393278062343597e-02
1.236000061035156250e+00 1.492781657725572586e-02
1.412000060081481934e+00 1.607359200716018677e-02
1.562000036239624023e+00 1.826693303883075714e-02
1.778000116348266602e+00 2.176973223686218262e-02
2.963999509811401367e+00 3.538808971643447876e-02
4.343999385833740234e+00 4.026582092046737671e-02
6.118000507354736328e+00 4.615838080644607544e-02
7.995999813079833984e+00 5.427701771259307861e-02
1.013000011444091797e+01 6.576750427484512329e-02
1.210799884796142578e+01 7.709431648254394531e-02
1.370799922943115234e+01 8.298687636852264404e-02
1.541800022125244141e+01 9.254591166973114014e-02
1.693000030517578125e+01 1.031197831034660339e-01
1.834799957275390625e+01 1.179821267724037170e-01
1.897400093078613281e+01 1.249877288937568665e-01
1.945199966430664062e+01 1.358234882354736328e-01
1.116000056266784668e+00 1.810325123369693756e-02
1.020000100135803223e+00 1.623727381229400635e-02
8.999999761581420898e-01 1.361835934221744537e-02
1.024000048637390137e+00 1.437129732221364975e-02
1.260000109672546387e+00 1.666284725069999695e-02
1.402000069618225098e+00 1.777588762342929840e-02
1.613999843597412109e+00 2.026385627686977386e-02
1.869999766349792480e+00 2.324287220835685730e-02
2.047999858856201172e+00 2.543621324002742767e-02
1.975999832153320312e+00 2.546894922852516174e-02
2.115999937057495117e+00 2.821881137788295746e-02
3.105999708175659180e+00 4.226274415850639343e-02
3.767999887466430664e+00 4.998854175209999084e-02
4.177999973297119141e+00 5.424427986145019531e-02
4.367999553680419922e+00 5.794349685311317444e-02
4.433999538421630859e+00 6.023504957556724548e-02
4.472000122070312500e+00 6.357416510581970215e-02
4.335999965667724609e+00 6.714243441820144653e-02
4.501999855041503906e+00 7.296952605247497559e-02
4.736000061035156250e+00 7.732347398996353149e-02
2.379999876022338867e+00 3.866173699498176575e-02
2.343999862670898438e+00 3.807247802615165710e-02
1.765999913215637207e+00 2.831701934337615967e-02
1.648000001907348633e+00 2.622188813984394073e-02
1.586000084877014160e+00 2.507611364126205444e-02
1.654000043869018555e+00 2.582905068993568420e-02
1.648000001907348633e+00 2.569810487329959869e-02
1.398000001907348633e+00 2.226077951490879059e-02
1.955999851226806641e+00 3.123056329786777496e-02
2.443999767303466797e+00 3.424231708049774170e-02
3.131999731063842773e+00 3.790879622101783752e-02
3.621999740600585938e+00 4.141159728169441223e-02
4.304000377655029297e+00 4.851540178060531616e-02
5.069999694824218750e+00 5.637215077877044678e-02
6.484000205993652344e+00 7.172553986310958862e-02
7.767999649047851562e+00 8.449275046586990356e-02
8.808000564575195312e+00 9.644155204296112061e-02
9.463999748229980469e+00 1.095033884048461914e-01
9.958000183105468750e+00 1.205683052539825439e-01
1.031399917602539062e+01 1.289815753698348999e-01
2.859999835491180420e-01 4.648574627935886383e-03
4.499999880790710449e-01 6.350869312882423401e-03
6.360000371932983398e-01 8.773365989327430725e-03
8.760000467300415039e-01 1.106491684913635254e-02
1.180000066757202148e+00 1.407666876912117004e-02
1.394000053405761719e+00 1.604085601866245270e-02
1.691999912261962891e+00 1.921628974378108978e-02
2.011999845504760742e+00 2.268635295331478119e-02
2.324000120162963867e+00 2.559989504516124725e-02
2.865999937057495117e+00 3.424231708049774170e-02
3.407999753952026367e+00 4.304841905832290649e-02
4.827999114990234375e+00 5.142894759774208069e-02
6.247999668121337891e+00 6.075883284211158752e-02
7.813999652862548828e+00 6.982682645320892334e-02
9.006000518798828125e+00 7.535928487777709961e-02
1.012599945068359375e+01 8.288866281509399414e-02
1.158600044250488281e+01 9.061446785926818848e-02
1.270199966430664062e+01 9.856942296028137207e-02
1.321000003814697266e+01 1.044947132468223572e-01
1.372600078582763672e+01 1.118931472301483154e-01
