# FGSM attack with model_dataset(54142 images)
# and validation_images(4708) 20 epsilon in batches of 100 images
# metrics between model_dataset & adv validation dataset
# Model_vali_adv_density Model_vali_adv_coverage
9.560000300407409668e-01 8.828635327517986298e-03
1.009999990463256836e+00 9.327324107289314270e-03
1.051999926567077637e+00 9.715192951261997223e-03
1.088000059127807617e+00 1.004765275865793228e-02
1.093999862670898438e+00 1.006612274795770645e-02
1.065999984741210938e+00 9.807542897760868073e-03
1.014000058174133301e+00 9.345794096589088440e-03
9.380000233650207520e-01 8.643936365842819214e-03
8.439999818801879883e-01 7.720438763499259949e-03
7.440000772476196289e-01 6.778471171855926514e-03
6.360000371932983398e-01 5.781094077974557877e-03
5.059999823570251465e-01 4.617487546056509018e-03
3.899999856948852539e-01 3.546230262145400047e-03
3.180000185966491699e-01 2.881312044337391853e-03
2.560000121593475342e-01 2.308743773028254509e-03
2.179999947547912598e-01 1.920874696224927902e-03
1.659999787807464600e-01 1.422186149284243584e-03
1.199999973177909851e-01 1.015847199596464634e-03
1.080000028014183044e-01 9.050274966284632683e-04
9.799999743700027466e-02 8.311477140523493290e-04
9.519999623298645020e-01 8.699346333742141724e-03
9.919999241828918457e-01 9.068745188415050507e-03
1.037999987602233887e+00 9.493554010987281799e-03
1.057999968528747559e+00 9.659783914685249329e-03
1.046000003814697266e+00 9.548963978886604309e-03
1.015999913215637207e+00 9.271914139389991760e-03
9.460000395774841309e-01 8.625466376543045044e-03
8.479999899864196777e-01 7.738908752799034119e-03
7.360000610351562500e-01 6.723061669617891312e-03
6.019999980926513672e-01 5.522514693439006805e-03
5.019999742507934570e-01 4.599017556756734848e-03
3.899999856948852539e-01 3.564700251445174217e-03
2.980000078678131104e-01 2.733552595600485802e-03
2.020000070333480835e-01 1.865464844740927219e-03
1.400000005960464478e-01 1.292896457016468048e-03
1.040000021457672119e-01 9.604373481124639511e-04
9.799998998641967773e-02 8.680876344442367554e-04
8.600000292062759399e-02 7.387979421764612198e-04
6.800000369548797607e-02 5.725684459321200848e-04
7.599999755620956421e-02 6.649181596003472805e-04
1.220000028610229492e+00 1.126666925847530365e-02
1.351999998092651367e+00 1.244874577969312668e-02
1.404000043869018555e+00 1.291049458086490631e-02
1.384000062942504883e+00 1.270732469856739044e-02
1.325999975204467773e+00 1.219016686081886292e-02
1.222000122070312500e+00 1.117431931197643280e-02
1.118000030517578125e+00 1.025082170963287354e-02
9.880000352859497070e-01 9.087215177714824677e-03
8.479999899864196777e-01 7.794318720698356628e-03
6.980000138282775879e-01 6.427542306482791901e-03
5.519999861717224121e-01 5.097705870866775513e-03
4.459999799728393555e-01 4.100328776985406876e-03
3.079999983310699463e-01 2.825902309268712997e-03
2.599999904632568359e-01 2.382623497396707535e-03
1.879999935626983643e-01 1.736175268888473511e-03
1.520000100135803223e-01 1.403716159984469414e-03
1.240000128746032715e-01 1.145136891864240170e-03
1.080000028014183044e-01 9.973772102966904640e-04
1.019999980926513672e-01 9.419674170203506947e-04
1.040000021457672119e-01 9.419674170203506947e-04
9.839999675750732422e-01 9.013335220515727997e-03
1.024000048637390137e+00 9.382734075188636780e-03
1.074000000953674316e+00 9.826012887060642242e-03
1.110000014305114746e+00 1.014000177383422852e-02
1.111999988555908203e+00 1.014000177383422852e-02
1.086000084877014160e+00 9.899892844259738922e-03
1.032000064849853516e+00 9.382734075188636780e-03
9.319999217987060547e-01 8.459236472845077515e-03
8.100000023841857910e-01 7.369509898126125336e-03
7.060000300407409668e-01 6.446012295782566071e-03
5.939999818801879883e-01 5.448635201901197433e-03
5.320000052452087402e-01 4.876066464930772781e-03
4.779999852180480957e-01 4.358908161520957947e-03
5.040000081062316895e-01 4.562077578157186508e-03
5.939999818801879883e-01 5.393225234001874924e-03
6.259999871253967285e-01 5.707214120775461197e-03
7.319999337196350098e-01 6.612241733819246292e-03
8.059998750686645508e-01 7.203279994428157806e-03
9.019999504089355469e-01 8.015957660973072052e-03
1.059999823570251465e+00 9.271914139389991760e-03
9.360000491142272949e-01 8.514646440744400024e-03
1.000000000000000000e+00 9.105685167014598846e-03
1.054000020027160645e+00 9.585903957486152649e-03
1.085999965667724609e+00 9.881422854959964752e-03
1.085999965667724609e+00 9.881422854959964752e-03
1.044000029563903809e+00 9.475084021687507629e-03
9.739999175071716309e-01 8.828635327517986298e-03
9.039999246597290039e-01 8.163717575371265411e-03
7.999999523162841797e-01 7.221749983727931976e-03
6.819999814033508301e-01 6.205902900546789169e-03
5.900000333786010742e-01 5.356285255402326584e-03
4.599999785423278809e-01 4.211148247122764587e-03
3.680000305175781250e-01 3.361530834808945656e-03
3.019999861717224121e-01 2.733552595600485802e-03
2.599999904632568359e-01 2.327213529497385025e-03
2.279999852180480957e-01 2.050164388492703438e-03
2.040000110864639282e-01 1.846994971856474876e-03
2.299999892711639404e-01 2.031694399192929268e-03
2.360000014305114746e-01 1.976284664124250412e-03
2.619999945163726807e-01 2.105574123561382294e-03
9.919999241828918457e-01 9.124155156314373016e-03
1.064000010490417480e+00 9.770602919161319733e-03
1.136000037193298340e+00 1.036164164543151855e-02
1.144000053405761719e+00 1.041705161333084106e-02
1.138000011444091797e+00 1.034317165613174438e-02
1.085999965667724609e+00 9.862952865660190582e-03
1.037999987602233887e+00 9.401204064488410950e-03
9.399999976158142090e-01 8.551586419343948364e-03
8.659999370574951172e-01 7.831258699297904968e-03
7.179999947547912598e-01 6.501422263681888580e-03
6.119999885559082031e-01 5.522514693439006805e-03
5.119999647140502930e-01 4.617487546056509018e-03
4.180000126361846924e-01 3.749399678781628609e-03
3.219999969005584717e-01 2.899782033637166023e-03
2.639999985694885254e-01 2.382623497396707535e-03
2.119999974966049194e-01 1.902404823340475559e-03
1.759999990463256836e-01 1.551475725136697292e-03
1.360000073909759521e-01 1.163606764748692513e-03
1.319999992847442627e-01 1.108196913264691830e-03
1.199999973177909851e-01 9.789073374122381210e-04
9.599999785423278809e-01 8.865575306117534637e-03
1.019999980926513672e+00 9.419674053788185120e-03
1.067999958992004395e+00 9.862952865660190582e-03
1.083999991416931152e+00 9.992242790758609772e-03
1.081999897956848145e+00 9.973772801458835602e-03
1.046000003814697266e+00 9.659783914685249329e-03
9.880000352859497070e-01 9.124155156314373016e-03
9.199999570846557617e-01 8.496176451444625854e-03
8.379999995231628418e-01 7.701968774199485779e-03
6.999999880790710449e-01 6.464482285082340240e-03
5.719999670982360840e-01 5.282405298203229904e-03
4.279999732971191406e-01 3.952569328248500824e-03
3.140000104904174805e-01 2.899782033637166023e-03
2.240000069141387939e-01 2.068634377792477608e-03
1.579999923706054688e-01 1.440656022168695927e-03
1.299999952316284180e-01 1.182076754048466682e-03
1.140000000596046448e-01 1.034317188896238804e-03
8.999999612569808960e-02 8.126777829602360725e-04
7.199999690055847168e-02 6.279782974161207676e-04
7.400000095367431641e-02 6.464482285082340240e-04
9.639999866485595703e-01 8.865575306117534637e-03
1.011999964714050293e+00 9.308854117989540100e-03
1.062000036239624023e+00 9.770602919161319733e-03
1.076000094413757324e+00 9.899892844259738922e-03
1.074000000953674316e+00 9.881422854959964752e-03
1.057999968528747559e+00 9.733662940561771393e-03
1.008000016212463379e+00 9.271914139389991760e-03
9.239999651908874512e-01 8.496176451444625854e-03
8.080000281333923340e-01 7.424919400364160538e-03
6.699999570846557617e-01 6.150492932647466660e-03
5.580000281333923340e-01 5.116175860166549683e-03
4.299999773502349854e-01 3.934099338948726654e-03
3.280000090599060059e-01 2.992131747305393219e-03
2.599999904632568359e-01 2.364153508096933365e-03
2.079999893903732300e-01 1.883934834040701389e-03
1.739999949932098389e-01 1.569945714436471462e-03
1.640000045299530029e-01 1.440656022168695927e-03
1.439999938011169434e-01 1.237486605532467365e-03
1.440000087022781372e-01 1.237486605532467365e-03
1.260000020265579224e-01 1.052787061780691147e-03
1.180000066757202148e+00 1.087880041450262070e-02
1.299999952316284180e+00 1.198699697852134705e-02
1.370000004768371582e+00 1.263344567269086838e-02
1.361999988555908203e+00 1.255956571549177170e-02
1.313999891281127930e+00 1.213475689291954041e-02
1.220000028610229492e+00 1.126666925847530365e-02
1.101999998092651367e+00 1.015847176313400269e-02
9.960000514984130859e-01 9.161095134913921356e-03
8.460000157356262207e-01 7.757378742098808289e-03
7.240000963211059570e-01 6.630711723119020462e-03
5.939999818801879883e-01 5.393225234001874924e-03
4.859999716281890869e-01 4.303498193621635437e-03
4.040000140666961670e-01 3.509290283545851707e-03
3.420000076293945312e-01 2.918252022936940193e-03
2.720000147819519043e-01 2.327213529497385025e-03
2.240000069141387939e-01 1.865464844740927219e-03
1.860000044107437134e-01 1.496065873652696609e-03
1.579999923706054688e-01 1.237486605532467365e-03
1.379999965429306030e-01 1.034317188896238804e-03
1.160000041127204895e-01 8.680876344442367554e-04
9.619999527931213379e-01 8.884045295417308807e-03
1.015999913215637207e+00 9.308854117989540100e-03
1.071999907493591309e+00 9.789072908461093903e-03
1.118000030517578125e+00 1.019541174173355103e-02
1.143999934196472168e+00 1.039858162403106689e-02
1.120000004768371582e+00 1.015847176313400269e-02
1.057999968528747559e+00 9.585903957486152649e-03
1.008000016212463379e+00 9.142625145614147186e-03
8.899999856948852539e-01 8.052897639572620392e-03
7.580000162124633789e-01 6.796941161155700684e-03
6.280000209808349609e-01 5.559454672038555145e-03
4.980000257492065430e-01 4.377378150820732117e-03
3.899999856948852539e-01 3.306120866909623146e-03
3.340000212192535400e-01 2.807432319968938828e-03
2.820000052452087402e-01 2.308743773028254509e-03
2.419999986886978149e-01 1.939344685524702072e-03
2.060000151395797729e-01 1.643825438804924488e-03
1.799999922513961792e-01 1.385246170684695244e-03
1.620000004768371582e-01 1.219016616232693195e-03
1.419999897480010986e-01 1.071257051080465317e-03
1.067999958992004395e+00 9.789072908461093903e-03
1.191999912261962891e+00 1.086033042520284653e-02
1.250000000000000000e+00 1.139595825225114822e-02
1.277999997138977051e+00 1.165453810244798660e-02
1.273999929428100586e+00 1.159912813454866409e-02
1.197999954223632812e+00 1.093421038240194321e-02
1.133999943733215332e+00 1.030623167753219604e-02
1.019999980926513672e+00 9.345794096589088440e-03
8.599999547004699707e-01 7.886668667197227478e-03
7.359999418258666992e-01 6.760001648217439651e-03
5.999999642372131348e-01 5.504044704139232635e-03
4.799999892711639404e-01 4.395848140120506287e-03
3.639999926090240479e-01 3.343060845509171486e-03
2.840000092983245850e-01 2.604262903332710266e-03
2.119999974966049194e-01 1.920874696224927902e-03
1.680000126361846924e-01 1.496065873652696609e-03
1.480000019073486328e-01 1.292896457016468048e-03
1.400000005960464478e-01 1.182076754048466682e-03
1.319999992847442627e-01 1.108196913264691830e-03
1.219999939203262329e-01 1.015847199596464634e-03
9.419999718666076660e-01 8.662406355142593384e-03
9.960000514984130859e-01 9.124155156314373016e-03
1.026000022888183594e+00 9.401204064488410950e-03
1.049999952316284180e+00 9.604373946785926819e-03
1.046000003814697266e+00 9.548963978886604309e-03
1.029999971389770508e+00 9.401204064488410950e-03
9.880000352859497070e-01 8.994865231215953827e-03
9.260000586509704590e-01 8.422296494245529175e-03
8.379999399185180664e-01 7.628089282661676407e-03
7.340000271797180176e-01 6.649181712418794632e-03
6.439999938011169434e-01 5.818034056574106216e-03
5.139999985694885254e-01 4.635957069694995880e-03
4.059999883174896240e-01 3.675519954413175583e-03
3.159999847412109375e-01 2.844372298568487167e-03
2.520000040531158447e-01 2.290273783728480339e-03
1.779999881982803345e-01 1.625355565920472145e-03
1.499999910593032837e-01 1.385246170684695244e-03
1.160000041127204895e-01 1.071257051080465317e-03
1.120000034570693970e-01 1.034317188896238804e-03
1.120000034570693970e-01 1.034317188896238804e-03
1.018000006675720215e+00 9.308854117989540100e-03
1.120000004768371582e+00 1.025082170963287354e-02
1.211999893188476562e+00 1.106349937617778778e-02
1.271999955177307129e+00 1.159912813454866409e-02
1.297999978065490723e+00 1.183923706412315369e-02
1.276000022888183594e+00 1.165453810244798660e-02
1.173999905586242676e+00 1.073104050010442734e-02
1.046000003814697266e+00 9.530493989586830139e-03
9.079999923706054688e-01 8.256067521870136261e-03
7.639999985694885254e-01 6.944701075553894043e-03
6.160000562667846680e-01 5.577924661338329315e-03
5.159999728202819824e-01 4.617487546056509018e-03
4.060000181198120117e-01 3.583170240744948387e-03
3.179999887943267822e-01 2.825902309268712997e-03
2.840000092983245850e-01 2.493443200364708900e-03
2.320000082254409790e-01 2.031694399192929268e-03
2.039999961853027344e-01 1.773115131072700024e-03
1.759999990463256836e-01 1.569945714436471462e-03
1.499999910593032837e-01 1.348306308500468731e-03
1.319999992847442627e-01 1.182076754048466682e-03
1.014000058174133301e+00 9.364264085888862610e-03
1.085999965667724609e+00 1.002918276935815811e-02
1.118000030517578125e+00 1.030623167753219604e-02
1.108000040054321289e+00 1.021388173103332520e-02
1.088000059127807617e+00 1.002918276935815811e-02
1.046000003814697266e+00 9.604373946785926819e-03
9.599999785423278809e-01 8.847105316817760468e-03
8.860000371932983398e-01 8.145247586071491241e-03
7.580000162124633789e-01 6.963171064853668213e-03
6.379999518394470215e-01 5.854974035173654556e-03
5.239999890327453613e-01 4.802186973392963409e-03
4.239999949932098389e-01 3.878689371049404144e-03
3.480000197887420654e-01 3.176831174641847610e-03
2.760000228881835938e-01 2.530382946133613586e-03
2.180000096559524536e-01 1.976284664124250412e-03
1.640000045299530029e-01 1.477595884352922440e-03
1.340000033378601074e-01 1.163606764748692513e-03
1.099999994039535522e-01 9.604373481124639511e-04
1.119999960064888000e-01 9.234974859282374382e-04
9.999999403953552246e-02 7.757378625683486462e-04
9.440000057220458984e-01 8.680876344442367554e-03
1.001999974250793457e+00 9.198035113513469696e-03
1.019999980926513672e+00 9.345794096589088440e-03
1.039999961853027344e+00 9.512024000287055969e-03
1.032000064849853516e+00 9.401204064488410950e-03
9.939998984336853027e-01 9.068745188415050507e-03
9.220000505447387695e-01 8.385356515645980835e-03
8.659999370574951172e-01 7.886668667197227478e-03
7.519999742507934570e-01 6.852351129055023193e-03
6.480000019073486328e-01 5.910383537411689758e-03
5.379999876022338867e-01 4.913006443530321121e-03
4.499999880790710449e-01 4.081858787685632706e-03
3.240000009536743164e-01 2.955191768705844879e-03
2.580000162124633789e-01 2.345683518797159195e-03
1.920000016689300537e-01 1.717705279588699341e-03
1.739999949932098389e-01 1.496065873652696609e-03
1.400000005960464478e-01 1.182076754048466682e-03
1.180000007152557373e-01 9.789073374122381210e-04
1.080000102519989014e-01 8.496176451444625854e-04
1.099999994039535522e-01 8.126777829602360725e-04
9.179999828338623047e-01 8.403826504945755005e-03
9.679999351501464844e-01 8.865575306117534637e-03
1.034000039100646973e+00 9.475084021687507629e-03
1.063999891281127930e+00 9.752132929861545563e-03
1.065999984741210938e+00 9.752132929861545563e-03
1.043999910354614258e+00 9.548963978886604309e-03
1.039999961853027344e+00 9.512024000287055969e-03
9.899999499320983887e-01 9.068745188415050507e-03
9.219999313354492188e-01 8.440766483545303345e-03
8.600000739097595215e-01 7.849728688597679138e-03
7.620000839233398438e-01 6.981641054153442383e-03
6.440000534057617188e-01 5.910383537411689758e-03
5.500000119209289551e-01 5.042296368628740311e-03
4.759999811649322510e-01 4.358908161520957947e-03
3.819999992847442627e-01 3.490820527076721191e-03
3.319999873638153076e-01 3.047541715204715729e-03
3.100000321865081787e-01 2.825902309268712997e-03
2.580000162124633789e-01 2.364153508096933365e-03
2.300000339746475220e-01 2.124044112861156464e-03
2.280000299215316772e-01 2.068634377792477608e-03
9.399999976158142090e-01 8.588526397943496704e-03
9.699999690055847168e-01 8.865575306117534637e-03
9.939998984336853027e-01 9.068745188415050507e-03
1.008000016212463379e+00 9.198035113513469696e-03
1.011999964714050293e+00 9.234975092113018036e-03
9.959999918937683105e-01 9.087215177714824677e-03
9.560000300407409668e-01 8.717816323041915894e-03
8.700000047683715820e-01 7.942078635096549988e-03
7.920000553131103516e-01 7.221749983727931976e-03
6.820000410079956055e-01 6.205902900546789169e-03
5.680000185966491699e-01 5.171585828065872192e-03
4.280000329017639160e-01 3.915629349648952484e-03
3.519999980926513672e-01 3.213771153241395950e-03
3.140000104904174805e-01 2.881312044337391853e-03
2.660000026226043701e-01 2.419563243165612221e-03
2.600000202655792236e-01 2.364153508096933365e-03
2.459999769926071167e-01 2.216393826529383659e-03
2.680000364780426025e-01 2.401093486696481705e-03
2.500000000000000000e-01 2.216393826529383659e-03
2.460000216960906982e-01 2.197924070060253143e-03
1.037999987602233887e+00 9.438144043087959290e-03
1.091999888420104980e+00 9.936832822859287262e-03
1.146000027656555176e+00 1.043552160263061523e-02
1.194000005722045898e+00 1.086033042520284653e-02
1.202000021934509277e+00 1.087880041450262070e-02
1.183999896049499512e+00 1.071257051080465317e-02
1.116000056266784668e+00 1.006612274795770645e-02
1.049999952316284180e+00 9.493554010987281799e-03
9.679999947547912598e-01 8.791696280241012573e-03
8.660000562667846680e-01 7.849728688597679138e-03
7.599999904632568359e-01 6.889291107654571533e-03
6.200000047683715820e-01 5.614864639937877655e-03
4.880000054836273193e-01 4.414317663758993149e-03
4.040000140666961670e-01 3.638579975813627243e-03
3.199999928474426270e-01 2.862842055037617683e-03
2.759999930858612061e-01 2.493443200364708900e-03
2.520000040531158447e-01 2.253333805128931999e-03
2.359999865293502808e-01 2.105574123561382294e-03
1.959999948740005493e-01 1.791585120372474194e-03
1.739999949932098389e-01 1.569945714436471462e-03
1.129999995231628418e+00 1.043552160263061523e-02
1.231999993324279785e+00 1.135901920497417450e-02
1.287999987602233887e+00 1.187617704272270203e-02
1.315999984741210938e+00 1.211628690361976624e-02
1.298000097274780273e+00 1.189464703202247620e-02
1.276000022888183594e+00 1.165453810244798660e-02
1.213999986648559570e+00 1.106349937617778778e-02
1.128000020980834961e+00 1.028776168823242188e-02
1.041999936103820801e+00 9.512024000287055969e-03
9.340000152587890625e-01 8.570056408643722534e-03
7.719999551773071289e-01 7.110930513590574265e-03
7.100000381469726562e-01 6.538362242281436920e-03
6.319999694824218750e-01 5.818034056574106216e-03
6.220000386238098145e-01 5.744154099375009537e-03
6.740000247955322266e-01 6.187432911247014999e-03
7.020000219345092773e-01 6.446012295782566071e-03
7.879999279975891113e-01 7.221749983727931976e-03
8.479999303817749023e-01 7.701968774199485779e-03
9.019999504089355469e-01 8.163717575371265411e-03
1.009999990463256836e+00 9.179565124213695526e-03
1.037999987602233887e+00 9.548963978886604309e-03
1.151999950408935547e+00 1.058328058570623398e-02
1.238000035285949707e+00 1.135901920497417450e-02
1.254000067710876465e+00 1.146983820945024490e-02
1.246000051498413086e+00 1.137748919427394867e-02
1.192000031471252441e+00 1.080492045730352402e-02
1.120000004768371582e+00 1.014000177383422852e-02
1.021999955177307129e+00 9.253444150090217590e-03
9.560000300407409668e-01 8.606996387243270874e-03
8.280000090599060059e-01 7.387979887425899506e-03
7.380000352859497070e-01 6.538362242281436920e-03
6.620000600814819336e-01 5.836504045873880386e-03
6.280000209808349609e-01 5.522514693439006805e-03
6.380000114440917969e-01 5.614864639937877655e-03
6.339999437332153320e-01 5.651804618537425995e-03
6.399999856948852539e-01 5.670274607837200165e-03
6.479999423027038574e-01 5.781094077974557877e-03
6.479999423027038574e-01 5.818034056574106216e-03
6.579999327659606934e-01 5.910383537411689758e-03
6.559999585151672363e-01 5.928853526711463928e-03
9.799999594688415527e-01 9.050275199115276337e-03
1.044000029563903809e+00 9.622843936085700989e-03
1.074000000953674316e+00 9.899892844259738922e-03
1.098000049591064453e+00 1.012153178453445435e-02
1.088000059127807617e+00 1.001071278005838394e-02
1.041999936103820801e+00 9.585903957486152649e-03
9.660000205039978027e-01 8.865575306117534637e-03
9.119999408721923828e-01 8.348417468369007111e-03
7.999999523162841797e-01 7.295629940927028656e-03
6.960000395774841309e-01 6.335192825645208359e-03
5.780000090599060059e-01 5.245465785264968872e-03
4.699999988079071045e-01 4.266558215022087097e-03
3.840000033378601074e-01 3.490820527076721191e-03
3.100000023841857910e-01 2.788962330669164658e-03
2.679999768733978271e-01 2.327213529497385025e-03
2.399999946355819702e-01 2.087104367092251778e-03
2.320000082254409790e-01 1.883934834040701389e-03
2.179999947547912598e-01 1.699235290288925171e-03
2.080000042915344238e-01 1.606885576620697975e-03
2.139999866485595703e-01 1.569945714436471462e-03
1.055999994277954102e+00 9.696722961962223053e-03
1.067999958992004395e+00 9.789072908461093903e-03
1.049999952316284180e+00 9.641313925385475159e-03
1.065999984741210938e+00 9.789072908461093903e-03
1.079999923706054688e+00 9.918362833559513092e-03
1.065999984741210938e+00 9.789072908461093903e-03
1.008000016212463379e+00 9.253444150090217590e-03
9.160000681877136230e-01 8.403826504945755005e-03
8.060000538825988770e-01 7.387979887425899506e-03
6.859999895095825195e-01 6.298252847045660019e-03
5.680000185966491699e-01 5.226995795965194702e-03
4.499999880790710449e-01 4.155738744884729385e-03
3.519999682903289795e-01 3.232241142541170120e-03
2.599999904632568359e-01 2.364153508096933365e-03
1.939999908208847046e-01 1.736175268888473511e-03
1.340000033378601074e-01 1.182076754048466682e-03
1.160000041127204895e-01 9.973772102966904640e-04
1.099999994039535522e-01 9.234974859282374382e-04
1.019999980926513672e-01 8.680876344442367554e-04
9.999999403953552246e-02 8.496176451444625854e-04
1.027999997138977051e+00 9.493554010987281799e-03
1.088000059127807617e+00 1.002918276935815811e-02
1.159999966621398926e+00 1.069410052150487900e-02
1.202000021934509277e+00 1.108196936547756195e-02
1.197999954223632812e+00 1.102655939757823944e-02
1.161999940872192383e+00 1.069410052150487900e-02
1.101999998092651367e+00 1.010306179523468018e-02
9.880000352859497070e-01 9.050275199115276337e-03
8.780000209808349609e-01 8.034427650272846222e-03
7.660000324249267578e-01 7.018580567091703415e-03
6.240000128746032715e-01 5.707214120775461197e-03
4.859999716281890869e-01 4.451257642358541489e-03
4.199999868869781494e-01 3.841749392449855804e-03
3.400000035762786865e-01 3.121421439573168755e-03
2.899999916553497314e-01 2.641202649101614952e-03
2.419999986886978149e-01 2.197924070060253143e-03
2.060000002384185791e-01 1.828524982556700706e-03
1.920000016689300537e-01 1.699235290288925171e-03
1.599999964237213135e-01 1.403716159984469414e-03
1.400000005960464478e-01 1.255956594832241535e-03
1.039999961853027344e+00 9.548963978886604309e-03
1.148000001907348633e+00 1.050940155982971191e-02
1.179999947547912598e+00 1.080492045730352402e-02
1.220000028610229492e+00 1.117431931197643280e-02
1.225999951362609863e+00 1.119278930127620697e-02
1.185999989509582520e+00 1.082339044660329819e-02
1.110000014305114746e+00 1.010306179523468018e-02
9.799999594688415527e-01 8.902515284717082977e-03
8.479999899864196777e-01 7.720438763499259949e-03
7.139999866485595703e-01 6.519892252981662750e-03
5.679999589920043945e-01 5.134645849466323853e-03
4.219999909400939941e-01 3.841749392449855804e-03
2.979999780654907227e-01 2.678142627701163292e-03
2.439999878406524658e-01 2.197924070060253143e-03
1.799999922513961792e-01 1.569945714436471462e-03
1.420000046491622925e-01 1.200546743348240852e-03
1.260000020265579224e-01 1.034317188896238804e-03
1.120000034570693970e-01 8.680876344442367554e-04
1.099999994039535522e-01 8.496176451444625854e-04
1.020000055432319641e-01 7.757378625683486462e-04
9.839999675750732422e-01 9.087215177714824677e-03
1.034000039100646973e+00 9.548963978886604309e-03
1.067999958992004395e+00 9.844482876360416412e-03
1.103999972343444824e+00 1.015847176313400269e-02
1.111999988555908203e+00 1.023235172033309937e-02
1.128000020980834961e+00 1.036164164543151855e-02
1.086000084877014160e+00 9.936832822859287262e-03
1.052000045776367188e+00 9.641313925385475159e-03
9.760000109672546387e-01 8.939455263316631317e-03
8.400000333786010742e-01 7.701968774199485779e-03
7.160000205039978027e-01 6.593771744519472122e-03
5.939999818801879883e-01 5.448635201901197433e-03
5.199999809265136719e-01 4.746777005493640900e-03
4.860000610351562500e-01 4.395848140120506287e-03
4.120000302791595459e-01 3.730929689481854439e-03
3.819999992847442627e-01 3.490820527076721191e-03
3.619999885559082031e-01 3.324590856209397316e-03
3.520000278949737549e-01 3.213771153241395950e-03
3.180000185966491699e-01 2.862842055037617683e-03
3.100000023841857910e-01 2.752022352069616318e-03
1.047999978065490723e+00 9.659783914685249329e-03
1.136000037193298340e+00 1.045399159193038940e-02
1.256000041961669922e+00 1.154371816664934158e-02
1.287999987602233887e+00 1.183923706412315369e-02
1.263999938964843750e+00 1.161759812384843826e-02
1.194000005722045898e+00 1.091574039310216904e-02
1.106000065803527832e+00 1.002918276935815811e-02
9.660000205039978027e-01 8.791696280241012573e-03
8.439999818801879883e-01 7.665028795599937439e-03
7.080000042915344238e-01 6.482952274382114410e-03
5.900000333786010742e-01 5.430165212601423264e-03
4.800000190734863281e-01 4.414317663758993149e-03
3.860000073909759521e-01 3.546230262145400047e-03
3.059999942779541016e-01 2.807432319968938828e-03
2.419999837875366211e-01 2.216393826529383659e-03
2.039999961853027344e-01 1.865464844740927219e-03
1.680000126361846924e-01 1.551475725136697292e-03
1.520000100135803223e-01 1.385246170684695244e-03
1.540000140666961670e-01 1.403716159984469414e-03
1.419999897480010986e-01 1.311366446316242218e-03
1.088000059127807617e+00 9.955302812159061432e-03
1.177999973297119141e+00 1.076798047870397568e-02
1.279999971389770508e+00 1.167300809174776077e-02
1.312000036239624023e+00 1.196852698922157288e-02
1.360000014305114746e+00 1.241180580109357834e-02
1.346000075340270996e+00 1.226404588669538498e-02
1.315999984741210938e+00 1.195005699992179871e-02
1.216000080108642578e+00 1.098961941897869110e-02
1.101999998092651367e+00 9.918362833559513092e-03
9.619999527931213379e-01 8.625466376543045044e-03
7.980000376701354980e-01 7.129400502890348434e-03
6.340000033378601074e-01 5.670274607837200165e-03
5.440000295639038086e-01 4.876066464930772781e-03
4.560000002384185791e-01 4.063388798385858536e-03
3.759999871253967285e-01 3.380000824108719826e-03
3.460000157356262207e-01 3.102951450273394585e-03
3.199999928474426270e-01 2.844372298568487167e-03
2.599999904632568359e-01 2.290273783728480339e-03
2.300000190734863281e-01 2.031694399192929268e-03
1.700000017881393433e-01 1.459126011468470097e-03
9.880000352859497070e-01 9.124155156314373016e-03
1.044000029563903809e+00 9.641313925385475159e-03
1.074000000953674316e+00 9.918362833559513092e-03
1.088000059127807617e+00 1.004765275865793228e-02
1.065999984741210938e+00 9.844482876360416412e-03
1.034000039100646973e+00 9.548963978886604309e-03
9.860000610351562500e-01 9.068745188415050507e-03
8.959999680519104004e-01 8.237597532570362091e-03
8.100000023841857910e-01 7.480329368263483047e-03
7.019999623298645020e-01 6.464482285082340240e-03
6.080000400543212891e-01 5.596394650638103485e-03
4.820000231266021729e-01 4.432787653058767319e-03
3.939999938011169434e-01 3.601639997214078903e-03
2.980000078678131104e-01 2.715082606300711632e-03
2.160000205039978027e-01 1.920874696224927902e-03
1.680000126361846924e-01 1.459126011468470097e-03
1.420000046491622925e-01 1.219016616232693195e-03
1.120000034570693970e-01 9.419674170203506947e-04
1.019999980926513672e-01 8.311477140523493290e-04
9.000001102685928345e-02 7.387979421764612198e-04
1.015999913215637207e+00 9.345794096589088440e-03
1.095999956130981445e+00 1.004765275865793228e-02
1.144000053405761719e+00 1.043552160263061523e-02
1.144000053405761719e+00 1.041705161333084106e-02
1.133999943733215332e+00 1.030623167753219604e-02
1.090000033378601074e+00 9.844482876360416412e-03
1.034000039100646973e+00 9.290384128689765930e-03
9.820000529289245605e-01 8.791696280241012573e-03
9.280000329017639160e-01 8.274537511169910431e-03
8.640000820159912109e-01 7.628089282661676407e-03
8.199999928474426270e-01 7.166340481489896774e-03
8.040000796318054199e-01 6.926231086254119873e-03
7.580000162124633789e-01 6.446012295782566071e-03
7.179999947547912598e-01 5.965793505311012268e-03
6.840000152587890625e-01 5.799564067274332047e-03
6.479999423027038574e-01 5.522514693439006805e-03
5.740000009536743164e-01 4.949946422129869461e-03
5.419999957084655762e-01 4.709837026894092560e-03
5.559999942779541016e-01 4.949946422129869461e-03
5.340000391006469727e-01 4.746777005493640900e-03
1.142000079154968262e+00 1.041705161333084106e-02
1.251999974250793457e+00 1.139595825225114822e-02
1.294000029563903809e+00 1.180229801684617996e-02
1.286000013351440430e+00 1.174688804894685745e-02
1.253999948501586914e+00 1.143289823085069656e-02
1.181999921798706055e+00 1.071257051080465317e-02
1.098000049591064453e+00 9.918362833559513092e-03
1.001999974250793457e+00 9.068745188415050507e-03
9.079999923706054688e-01 8.126777596771717072e-03
8.120000362396240234e-01 7.129400502890348434e-03
6.819999814033508301e-01 5.965793505311012268e-03
5.519999861717224121e-01 4.802186973392963409e-03
4.480000138282775879e-01 3.878689371049404144e-03
3.619999885559082031e-01 3.158361418172717094e-03
2.979999780654907227e-01 2.585792914032936096e-03
2.720000147819519043e-01 2.364153508096933365e-03
2.179999947547912598e-01 1.920874696224927902e-03
1.959999948740005493e-01 1.736175268888473511e-03
1.840000152587890625e-01 1.625355565920472145e-03
1.479999870061874390e-01 1.311366446316242218e-03
9.939998984336853027e-01 9.013335220515727997e-03
1.071999907493591309e+00 9.696722961962223053e-03
1.118000030517578125e+00 1.010306179523468018e-02
1.113999962806701660e+00 1.006612274795770645e-02
1.133999943733215332e+00 1.025082170963287354e-02
1.079999923706054688e+00 9.826012887060642242e-03
1.018000006675720215e+00 9.234975092113018036e-03
9.499999880790710449e-01 8.662406355142593384e-03
8.560000658035278320e-01 7.757378742098808289e-03
7.219999432563781738e-01 6.519892252981662750e-03
6.039999723434448242e-01 5.411695223301649094e-03
5.220000147819519043e-01 4.709837026894092560e-03
4.420000016689300537e-01 3.971039317548274994e-03
3.679999709129333496e-01 3.324590856209397316e-03
3.199999928474426270e-01 2.955191768705844879e-03
2.780000269412994385e-01 2.567322924733161926e-03
2.659999728202819824e-01 2.438033232465386391e-03
2.500000000000000000e-01 2.290273783728480339e-03
2.280000001192092896e-01 2.068634377792477608e-03
2.040000110864639282e-01 1.846994971856474876e-03
9.679999947547912598e-01 8.828635327517986298e-03
1.047999978065490723e+00 9.548963978886604309e-03
1.131999969482421875e+00 1.032470166683197021e-02
1.138000011444091797e+00 1.038011163473129272e-02
1.141999959945678711e+00 1.041705161333084106e-02
1.110000014305114746e+00 1.012153178453445435e-02
1.041999936103820801e+00 9.493554010987281799e-03
9.660000205039978027e-01 8.791696280241012573e-03
8.539999127388000488e-01 7.757378742098808289e-03
7.420000433921813965e-01 6.723061669617891312e-03
6.180000305175781250e-01 5.596394650638103485e-03
4.839999973773956299e-01 4.451257642358541489e-03
3.939999938011169434e-01 3.601639997214078903e-03
3.140000104904174805e-01 2.862842055037617683e-03
2.419999986886978149e-01 2.197924070060253143e-03
1.960000246763229370e-01 1.791585120372474194e-03
1.780000030994415283e-01 1.569945714436471462e-03
1.480000019073486328e-01 1.274426467716693878e-03
1.239999905228614807e-01 1.052787061780691147e-03
1.020000055432319641e-01 8.496176451444625854e-04
1.055999994277954102e+00 9.641313925385475159e-03
1.131999969482421875e+00 1.034317165613174438e-02
1.187999963760375977e+00 1.086033042520284653e-02
1.233999967575073242e+00 1.126666925847530365e-02
1.225999951362609863e+00 1.119278930127620697e-02
1.185999989509582520e+00 1.080492045730352402e-02
1.115999937057495117e+00 1.017694175243377686e-02
1.027999997138977051e+00 9.438144043087959290e-03
9.179999828338623047e-01 8.293007500469684601e-03
7.739999890327453613e-01 6.963171064853668213e-03
6.180000305175781250e-01 5.504044704139232635e-03
4.740000069141387939e-01 4.174208734184503555e-03
3.799999952316284180e-01 3.324590856209397316e-03
2.999999821186065674e-01 2.530382946133613586e-03
2.440000027418136597e-01 2.068634377792477608e-03
1.980000138282775879e-01 1.662295428104698658e-03
1.700000017881393433e-01 1.422186149284243584e-03
1.480000019073486328e-01 1.274426467716693878e-03
1.339999884366989136e-01 1.126666902564466000e-03
1.240000128746032715e-01 1.034317188896238804e-03
9.880000352859497070e-01 9.124155156314373016e-03
1.049999952316284180e+00 9.696722961962223053e-03
1.115999937057495117e+00 1.028776168823242188e-02
1.138000011444091797e+00 1.047246158123016357e-02
1.138000011444091797e+00 1.043552160263061523e-02
1.123999953269958496e+00 1.026929169893264771e-02
1.073999881744384766e+00 9.789072908461093903e-03
1.018000006675720215e+00 9.271914139389991760e-03
9.099999666213989258e-01 8.256067521870136261e-03
7.819999456405639648e-01 7.110930513590574265e-03
6.259999871253967285e-01 5.744154099375009537e-03
4.720000326633453369e-01 4.340438172221183777e-03
3.720000088214874268e-01 3.398470580577850342e-03
2.980000078678131104e-01 2.696612617000937462e-03
2.580000162124633789e-01 2.290273783728480339e-03
2.340000122785568237e-01 2.087104367092251778e-03
1.880000084638595581e-01 1.625355565920472145e-03
1.840000152587890625e-01 1.588415587320923805e-03
1.640000045299530029e-01 1.403716159984469414e-03
1.740000098943710327e-01 1.422186149284243584e-03
9.199999570846557617e-01 8.459236472845077515e-03
1.006000041961669922e+00 9.271914139389991760e-03
1.067999958992004395e+00 9.789072908461093903e-03
1.116000056266784668e+00 1.026929169893264771e-02
1.120000004768371582e+00 1.026929169893264771e-02
1.074000000953674316e+00 9.881422854959964752e-03
1.009999990463256836e+00 9.234975092113018036e-03
9.039999842643737793e-01 8.163717575371265411e-03
7.980000376701354980e-01 7.166340481489896774e-03
6.800000071525573730e-01 6.058143451809883118e-03
5.619999766349792480e-01 5.005356390029191971e-03
4.659999608993530273e-01 4.100328776985406876e-03
3.840000033378601074e-01 3.324590856209397316e-03
2.800000011920928955e-01 2.419563243165612221e-03
2.240000069141387939e-01 1.883934834040701389e-03
1.779999881982803345e-01 1.477595884352922440e-03
1.560000032186508179e-01 1.311366446316242218e-03
1.239999905228614807e-01 1.071257051080465317e-03
1.100000068545341492e-01 9.419674170203506947e-04
9.999999403953552246e-02 8.496176451444625854e-04
1.019999980926513672e+00 9.382734075188636780e-03
1.062000036239624023e+00 9.770602919161319733e-03
1.110000014305114746e+00 1.021388173103332520e-02
1.159999966621398926e+00 1.067563053220510483e-02
1.159999966621398926e+00 1.063869055360555649e-02
1.103999972343444824e+00 1.014000177383422852e-02
1.043999910354614258e+00 9.585903957486152649e-03
9.739999771118164062e-01 8.939455263316631317e-03
8.640000224113464355e-01 7.942078635096549988e-03
7.540000081062316895e-01 6.926231086254119873e-03
6.459999680519104004e-01 5.928853526711463928e-03
5.259999632835388184e-01 4.839126486331224442e-03
4.099999964237213135e-01 3.786339657381176949e-03
3.599999845027923584e-01 3.324590856209397316e-03
3.279999792575836182e-01 3.029071725904941559e-03
3.060000240802764893e-01 2.825902309268712997e-03
3.020000457763671875e-01 2.752022352069616318e-03
2.779999971389770508e-01 2.530382946133613586e-03
2.760000228881835938e-01 2.493443200364708900e-03
2.419999986886978149e-01 2.179454080760478973e-03
9.859999418258666992e-01 9.050275199115276337e-03
1.055999994277954102e+00 9.678252972662448883e-03
1.120000004768371582e+00 1.025082170963287354e-02
1.148000001907348633e+00 1.047246158123016357e-02
1.141999959945678711e+00 1.043552160263061523e-02
1.088000059127807617e+00 9.955302812159061432e-03
1.003999948501586914e+00 9.161095134913921356e-03
9.239999651908874512e-01 8.366887457668781281e-03
7.980000376701354980e-01 7.240219973027706146e-03
6.719999313354492188e-01 6.095083430409431458e-03
5.279999971389770508e-01 4.839126486331224442e-03
4.080000221729278564e-01 3.730929689481854439e-03
3.259999752044677734e-01 2.992131747305393219e-03
2.380000054836273193e-01 2.179454080760478973e-03
1.880000084638595581e-01 1.736175268888473511e-03
1.340000033378601074e-01 1.237486605532467365e-03
1.000000089406967163e-01 8.865575655363500118e-04
7.200000435113906860e-02 6.279782974161207676e-04
6.800000369548797607e-02 5.910383770242333412e-04
7.000000029802322388e-02 5.725684459321200848e-04
1.005999922752380371e+00 9.290384128689765930e-03
1.069999933242797852e+00 9.881422854959964752e-03
1.106000065803527832e+00 1.021388173103332520e-02
1.149999976158142090e+00 1.060175057500600815e-02
1.161999940872192383e+00 1.071257051080465317e-02
1.118000030517578125e+00 1.030623167753219604e-02
1.059999942779541016e+00 9.770602919161319733e-03
9.779999852180480957e-01 9.013335220515727997e-03
8.619999289512634277e-01 7.942078635096549988e-03
7.480000257492065430e-01 6.870821118354797363e-03
5.899999737739562988e-01 5.411695223301649094e-03
4.839999973773956299e-01 4.432787653058767319e-03
3.700000047683715820e-01 3.361530834808945656e-03
2.879999876022338867e-01 2.604262903332710266e-03
2.320000082254409790e-01 2.068634377792477608e-03
2.079999893903732300e-01 1.754645141772925854e-03
1.860000044107437134e-01 1.459126011468470097e-03
1.860000044107437134e-01 1.348306308500468731e-03
2.060000151395797729e-01 1.496065873652696609e-03
2.239999920129776001e-01 1.606885576620697975e-03
1.026000022888183594e+00 9.456614032387733459e-03
1.088000059127807617e+00 1.002918276935815811e-02
1.149999976158142090e+00 1.056481059640645981e-02
1.182000041007995605e+00 1.086033042520284653e-02
1.174000024795532227e+00 1.076798047870397568e-02
1.131999969482421875e+00 1.038011163473129272e-02
1.061999917030334473e+00 9.696722961962223053e-03
1.000000000000000000e+00 9.087215177714824677e-03
8.719999790191650391e-01 7.886668667197227478e-03
7.400000095367431641e-01 6.649181712418794632e-03
6.119999885559082031e-01 5.467105191200971603e-03
4.820000231266021729e-01 4.303498193621635437e-03
3.559999763965606689e-01 3.139891428872942924e-03
2.759999930858612061e-01 2.382623497396707535e-03
2.040000110864639282e-01 1.754645141772925854e-03
1.720000058412551880e-01 1.477595884352922440e-03
1.339999884366989136e-01 1.126666902564466000e-03
1.180000007152557373e-01 9.789073374122381210e-04
9.200000762939453125e-02 7.387979421764612198e-04
7.999999821186065674e-02 6.279782974161207676e-04
1.030000090599060059e+00 9.512024000287055969e-03
1.113999962806701660e+00 1.028776168823242188e-02
1.184000015258789062e+00 1.091574039310216904e-02
1.202000141143798828e+00 1.108196936547756195e-02
1.233999967575073242e+00 1.137748919427394867e-02
1.207999944686889648e+00 1.111890934407711029e-02
1.138000011444091797e+00 1.049093157052993774e-02
1.039999961853027344e+00 9.585903957486152649e-03
8.939999938011169434e-01 8.237597532570362091e-03
7.480000257492065430e-01 6.907761096954345703e-03
5.780000090599060059e-01 5.337815266102552414e-03
4.580000340938568115e-01 4.229618236422538757e-03
3.939999938011169434e-01 3.638579975813627243e-03
3.240000009536743164e-01 2.973661758005619049e-03
2.639999985694885254e-01 2.401093486696481705e-03
2.119999974966049194e-01 1.865464844740927219e-03
1.759999990463256836e-01 1.533005735836923122e-03
1.459999978542327881e-01 1.237486605532467365e-03
1.239999905228614807e-01 9.973772102966904640e-04
1.180000007152557373e-01 9.234974859282374382e-04
9.699999690055847168e-01 8.957925252616405487e-03
1.042000055313110352e+00 9.622843936085700989e-03
1.072000026702880859e+00 9.899892844259738922e-03
1.110000014305114746e+00 1.023235172033309937e-02
1.110000014305114746e+00 1.023235172033309937e-02
1.074000000953674316e+00 9.881422854959964752e-03
1.018000006675720215e+00 9.345794096589088440e-03
9.599999785423278809e-01 8.828635327517986298e-03
8.439999818801879883e-01 7.738908752799034119e-03
7.439998984336853027e-01 6.760001648217439651e-03
5.939999818801879883e-01 5.356285255402326584e-03
4.839999973773956299e-01 4.358908161520957947e-03
3.819999992847442627e-01 3.416940569877624512e-03
2.820000052452087402e-01 2.511913189664483070e-03
2.180000096559524536e-01 1.902404823340475559e-03
1.700000017881393433e-01 1.477595884352922440e-03
1.380000114440917969e-01 1.219016616232693195e-03
1.099999994039535522e-01 9.234974859282374382e-04
9.600000083446502686e-02 7.387979421764612198e-04
8.799999952316284180e-02 6.464482285082340240e-04
9.940000772476196289e-01 9.124155156314373016e-03
1.057999968528747559e+00 9.715192951261997223e-03
1.101999998092651367e+00 1.012153178453445435e-02
1.118000030517578125e+00 1.026929169893264771e-02
1.101999998092651367e+00 1.012153178453445435e-02
1.061999917030334473e+00 9.733662940561771393e-03
9.899999499320983887e-01 9.068745188415050507e-03
8.920000195503234863e-01 8.182187564671039581e-03
7.899999618530273438e-01 7.258689962327480316e-03
6.719999313354492188e-01 6.187432911247014999e-03
5.740000009536743164e-01 5.300875287503004074e-03
4.760000109672546387e-01 4.358908161520957947e-03
3.680000305175781250e-01 3.361530834808945656e-03
2.859999835491180420e-01 2.604262903332710266e-03
2.339999973773956299e-01 2.124044112861156464e-03
1.899999976158142090e-01 1.736175268888473511e-03
1.899999976158142090e-01 1.699235290288925171e-03
1.700000017881393433e-01 1.514535862952470779e-03
1.740000098943710327e-01 1.533005735836923122e-03
1.739999949932098389e-01 1.551475725136697292e-03
1.046000003814697266e+00 9.659783914685249329e-03
1.129999995231628418e+00 1.043552160263061523e-02
1.258000016212463379e+00 1.159912813454866409e-02
1.322000145912170410e+00 1.215322688221931458e-02
1.374000072479248047e+00 1.254109572619199753e-02
1.327999949455261230e+00 1.211628690361976624e-02
1.248000025749206543e+00 1.139595825225114822e-02
1.171999931335449219e+00 1.073104050010442734e-02
1.025999903678894043e+00 9.382734075188636780e-03
8.720000386238098145e-01 7.979017682373523712e-03
7.259999513626098633e-01 6.593771744519472122e-03
5.839999914169311523e-01 5.300875287503004074e-03
4.640000164508819580e-01 4.211148247122764587e-03
3.719999492168426514e-01 3.324590856209397316e-03
2.939999997615814209e-01 2.641202649101614952e-03
2.440000027418136597e-01 2.179454080760478973e-03
1.799999922513961792e-01 1.588415587320923805e-03
1.319999992847442627e-01 1.163606764748692513e-03
1.099999994039535522e-01 9.604373481124639511e-04
8.999999612569808960e-02 7.572679314762353897e-04
1.185999989509582520e+00 1.091574039310216904e-02
1.354000091552734375e+00 1.244874577969312668e-02
1.492000102996826172e+00 1.366776227951049805e-02
1.512000083923339844e+00 1.387093216180801392e-02
1.488000035285949707e+00 1.361235231161117554e-02
1.378000020980834961e+00 1.257803570479154587e-02
1.258000016212463379e+00 1.148830819875001907e-02
1.088000059127807617e+00 9.826012887060642242e-03
8.840000629425048828e-01 7.979017682373523712e-03
7.080000042915344238e-01 6.390602327883243561e-03
5.559999942779541016e-01 5.005356390029191971e-03
4.239999949932098389e-01 3.749399678781628609e-03
3.159999847412109375e-01 2.770492341369390488e-03
2.479999810457229614e-01 2.160984091460704803e-03
2.099999934434890747e-01 1.846994971856474876e-03
1.760000139474868774e-01 1.625355565920472145e-03
1.480000019073486328e-01 1.348306308500468731e-03
1.319999992847442627e-01 1.200546743348240852e-03
1.219999939203262329e-01 1.089727040380239487e-03
1.260000020265579224e-01 1.126666902564466000e-03
1.029999971389770508e+00 9.512024000287055969e-03
1.086000084877014160e+00 1.002918276935815811e-02
1.121999979019165039e+00 1.036164164543151855e-02
1.148000001907348633e+00 1.054634060710668564e-02
1.129999995231628418e+00 1.038011163473129272e-02
1.100000023841857910e+00 1.010306179523468018e-02
1.031999945640563965e+00 9.512024000287055969e-03
9.480000138282775879e-01 8.662406355142593384e-03
8.700000047683715820e-01 7.942078635096549988e-03
7.380000352859497070e-01 6.704591680318117142e-03
6.680000424385070801e-01 6.076613441109657288e-03
6.299999952316284180e-01 5.688744597136974335e-03
6.200000047683715820e-01 5.577924661338329315e-03
6.159999966621398926e-01 5.559454672038555145e-03
6.460000276565551758e-01 5.836504045873880386e-03
6.700000762939453125e-01 5.984263494610786438e-03
7.360000610351562500e-01 6.612241733819246292e-03
8.180000185966491699e-01 7.332569919526576996e-03
9.039999246597290039e-01 8.015957660973072052e-03
9.759998917579650879e-01 8.514646440744400024e-03
9.880000352859497070e-01 9.087215177714824677e-03
1.076000094413757324e+00 9.899892844259738922e-03
1.141999959945678711e+00 1.050940155982971191e-02
1.167999982833862305e+00 1.073104050010442734e-02
1.175999999046325684e+00 1.078645046800374985e-02
1.156000018119812012e+00 1.056481059640645981e-02
1.090000033378601074e+00 9.918362833559513092e-03
1.011999964714050293e+00 9.198035113513469696e-03
9.120000004768371582e-01 8.293007500469684601e-03
7.560000419616699219e-01 6.907761096954345703e-03
6.340000033378601074e-01 5.781094077974557877e-03
4.819999933242797852e-01 4.432787653058767319e-03
3.780000209808349609e-01 3.472350537776947021e-03
2.960000038146972656e-01 2.733552595600485802e-03
2.379999905824661255e-01 2.160984091460704803e-03
1.959999948740005493e-01 1.754645141772925854e-03
1.679999828338623047e-01 1.496065873652696609e-03
1.440000087022781372e-01 1.274426467716693878e-03
1.240000054240226746e-01 1.108196913264691830e-03
1.099999994039535522e-01 9.789073374122381210e-04
1.041999936103820801e+00 9.548963978886604309e-03
1.106000065803527832e+00 1.014000177383422852e-02
1.096000075340270996e+00 1.002918276935815811e-02
1.118000030517578125e+00 1.023235172033309937e-02
1.136000037193298340e+00 1.038011163473129272e-02
1.126000046730041504e+00 1.028776168823242188e-02
1.076000094413757324e+00 9.844482876360416412e-03
1.004000067710876465e+00 9.198035113513469696e-03
9.419999718666076660e-01 8.643936365842819214e-03
8.580000400543212891e-01 7.886668667197227478e-03
7.599999904632568359e-01 6.963171064853668213e-03
6.760000586509704590e-01 6.187432911247014999e-03
5.660000443458557129e-01 5.171585828065872192e-03
4.900000691413879395e-01 4.451257642358541489e-03
4.099999964237213135e-01 3.712459700182080269e-03
4.100000262260437012e-01 3.693989943712949753e-03
3.840000033378601074e-01 3.453880548477172852e-03
3.840000927448272705e-01 3.490820527076721191e-03
4.120000302791595459e-01 3.767869668081402779e-03
4.300000369548797607e-01 3.915629349648952484e-03
